5.021303075593805509e+00 1.888895159876535779e-01 1.781445911636262509e-04 2.331172517960383020e-05
5.399082107569112665e+00 1.888895159876535779e-01 1.787345304202930829e-04 1.617550834572935176e-05
5.805283442450988041e+00 2.031006674409376878e-01 2.150904279947055424e-04 1.673472176725163393e-05
6.242045439529218420e+00 2.183809985391151898e-01 1.839393087397075076e-04 1.632031904096652037e-05
6.711667338106285463e+00 2.348109492885335214e-01 2.242321691489616462e-04 1.665482251676396794e-05
7.216621361346605923e+00 2.524770116201602299e-01 2.263535331586353702e-04 1.746238071768703448e-05
7.759565730761996960e+00 2.714721847076955186e-01 2.468269320859682071e-04 1.842926939749477624e-05
8.343358659845325320e+00 2.918964645416641801e-01 1.951169857702526509e-04 1.992700890722605211e-05
8.971073400518775998e+00 3.138573703367253387e-01 1.669139807027272035e-04 2.151675154778279320e-05
9.646014421605544342e+00 3.374705105433841723e-01 2.554755881822451673e-04 2.477858772792052605e-05
1.037173480449302332e+01 3.628601914437394882e-01 2.352896492934522185e-04 3.338414607991117898e-05
1.115205494756318139e+01 3.901600715350790338e-01 2.423635926718097110e-04 5.604001106862279661e-05
1.199108267785560678e+01 4.195138651462126944e-01 2.121920010246448776e-04 1.073143239965662665e-04
1.289323487583669881e+01 4.510760989905460150e-01 -1.102936347693003375e-04 2.673769776838535767e-04
1.386326072711393032e+01 4.850129256386157550e-01 9.502769645925425663e-04 9.315610770835596084e-04
