#wave spectrum spectrum_w_rand error_w_floor
13.863260727113927 0.0003057102723137648 0.0027864119418019896 0.015333900840563111
13.849760714871904 0.00030767226326780593 -0.002437756101414585 0.01002713889833212
13.83626407891249 0.00030783086634183647 0.010782417102840206 0.007419681076918738
13.822769601494926 0.00030625357995156294 0.005566212618759963 0.00615401643420484
13.809250457099038 0.00030928651261046285 -0.0037311709678869783 0.005637910092256968
13.795624833340318 0.00030895296615911157 0.001742715428047896 0.005579421673111375
13.78198714856608 0.0003070301025744492 -0.0023342872292575656 0.005777720448557254
13.768474899792311 0.0003088330756587985 0.00676067963480958 0.006024310490276481
13.75495335380097 0.00031273147835017047 0.01423708091030685 0.006113795101513147
13.741483228938076 0.00030843211917175447 -3.691005106051256e-05 0.00595934005492484
13.727957704331878 0.0003062994788447066 -0.0037143410821436846 0.005665692239597584
13.714418998100676 0.0003132888277939012 -0.0072246763593515825 0.005441120993912942
13.7009011194837 0.00031789908303971504 0.008832344414140738 0.005456847813444444
13.687282261465239 0.0003097494852384391 0.00335414387771874 0.005758884921377755
13.67370328642199 0.0003012519409700243 0.004616540965843635 0.006157662821449552
13.660162425577242 0.0003090826740025073 -0.00016223449383815752 0.006201973459648867
13.646624542172892 0.00031593679577033846 -0.004023005611859855 0.005709800753605116
13.633009830318963 0.0003147262407772779 0.00030069116540171566 0.0051076302180858325
13.619430957125116 0.0003164627448670733 0.005286451346172242 0.004797731189479849
13.6058491774991 0.00031626340830209835 -0.0043229269456072795 0.004852346043071522
13.592151199246667 0.00030476996587245004 -0.004302386412264625 0.0051127138532785195
13.578519026005182 0.00030995814629722904 0.001082817329776871 0.00529797793719867
13.5648709398476 0.0003223357818791625 0.001086719642688156 0.00530317513186685
13.551206160670965 0.0003251520851781053 -0.0008666268734564661 0.005375912749088649
13.537523999623922 0.0003149587294779714 0.006961717040612147 0.005874999580109381
13.523823832000904 0.0003035957751702739 0.004474265995608922 0.007138747041096903
13.510104869464797 0.0003029213953626975 0.014589526828032667 0.009388218347415387
13.496359824084545 0.0003043716527178376 0.00291016043068519 0.011700972313421825
13.48250568772353 0.00031019517815676525 0.001858026045586501 0.011253490863647854
13.468680359239965 0.0003111957646277688 0.004813455449060273 0.00843389669000227
13.454928923197562 0.0003048864022771345 -0.0036932963425792722 0.006064168902833307
13.441106572665362 0.0003018043118046449 0.002187730046197205 0.004738353297664902
13.427261582788082 0.00029892537434665775 -0.0020566866444533516 0.004118088029441398
13.413393631907814 0.00029814072492797384 0.001205998179036177 0.003875899535735334
13.399595661671164 0.000300517665766238 -0.0019747382175065663 0.00374781839296519
13.385733649691556 0.00031105624918828083 -0.00020816670310048715 0.0035377592551691277
13.37184447892986 0.00032507732310714196 -0.004608825986012379 0.0032207815831523526
13.357833452161046 0.000309971517720611 0.0014054781464114187 0.0029132272345034614
13.343841360956185 0.0003122119862607964 -0.0028046052531889984 0.0027159973123231434
13.329824902576368 0.00030202528880607604 0.001984897794883345 0.0026612603682157785
13.315829599706522 0.0003173277611810842 0.003022728197251089 0.002742130427563412
13.301653570673661 0.0003109895255282376 -0.002469555406583615 0.0029329269275091877
13.287363846382986 0.00030544475933602834 -0.0029976946925652993 0.0031877927560138184
13.273238718863368 0.00030016245294368796 0.005801052993608848 0.0034388428276845187
13.259085381508843 0.0002998015663005531 0.0007621273275305792 0.0036161996543750876
13.24490304702298 0.00029662683236990816 -0.0031600753819630853 0.00368841620802615
13.230642631691971 0.000295638527588802 0.010524947416624107 0.0036826760232663816
13.21645164164036 0.00029839830208282713 0.00018677738857598116 0.0036549926056960507
13.202133099670325 0.00030012918118474776 0.00030420914276679085 0.0036297386325112573
13.187545287644928 0.00031283104777040765 0.008532103558901898 0.003559067903520552
13.173201492550639 0.00031053171297998794 0.0018826367328193725 0.003359508368930341
13.158840007498753 0.00030734835238408706 -0.0012727066563415798 0.0030303012461476656
13.144447583333662 0.0002963486556160518 7.847495026369169e-05 0.002685256335948639
13.129984496752437 0.00029555112948320917 0.003719110250992757 0.0024359871712248326
13.115556445403726 0.0002953563101296135 -0.0050893200089969885 0.002321979788353209
13.101227126895628 0.00029328380963408095 -0.0017459192087989656 0.002328528759184065
13.0869455345518 0.00030141047927192635 0.0011870590196670183 0.0024061368557835414
13.072463076852154 0.0003140988471761211 0.0012402114177427663 0.0024771980982974027
13.057840599672089 0.0003097460599408919 0.0030846045840676227 0.002471047144915714
13.043255015792699 0.0003080662946601171 -0.0008358315484602399 0.0023829086252710446
13.028615369880928 0.0003063021084831233 -0.0027183338448442053 0.0022736083802282225
13.013933557009565 0.0003044623251570078 -0.0017011780001477557 0.002209050485631455
12.998807618939688 0.0002988841438948164 -0.0004220515942718092 0.002222084119530672
12.983929374455807 0.00029684356201119743 -0.0015503498178977538 0.002307772723578327
12.969135062144305 0.0003015023494287022 -0.0009493880382073076 0.002419310804804652
12.954317565129877 0.00029210975267546566 0.0014835121721706059 0.0024733806762365267
12.939507093546977 0.00029019290207945713 0.0005957401283846849 0.0024073658283318166
12.92459009164058 0.00030010914785631997 -0.004248492548686635 0.002246693461120983
12.909660060080382 0.0002880349026117003 0.0017304519682147202 0.002071252934976935
12.894590988750819 0.00029803430197689436 -0.000717151309636352 0.001937482166942131
12.879565639708701 0.00028272602780382415 0.0014531645292675326 0.0018608741811549018
12.864541238310519 0.0002893984642638547 -0.0007050697912570135 0.001838833951420167
12.84948195179554 0.0002987883802057832 0.0006717887450329031 0.0018677258886001902
12.83438769150415 0.00028944880017131683 -0.0005012621785378851 0.0019402141367144718
12.819258305526239 0.0002926194407567697 -0.0013887121996764083 0.002028286552082281
12.804154163451344 0.00028712987605045474 0.0011357704322322365 0.002078831517327791
12.789053833912462 0.0002987766101740065 -0.001632040686119839 0.0020537496012108473
12.77382849532873 0.00029558645445176905 0.0007283384124507559 0.001974191332444956
12.758537873880597 0.0003004172295750584 0.0012770396824282482 0.0018927212324218498
12.743262506248115 0.0002848294313687801 -0.0054701182533726895 0.0018386011275317228
12.727908119220258 0.00029173333980396147 -0.000911031029234828 0.001806423817358269
12.712512021530163 0.00029086132947602427 0.0001660076641670482 0.0017766978183201979
12.69716493327899 0.0002930108731217475 5.832217772513214e-05 0.0017411825779830765
12.681715248500495 0.0002978141144636445 0.0002899995817946353 0.0017112457692948233
12.666250644607727 0.0003010689270721143 0.0010364237489348634 0.0017037263683139254
12.650706796746848 0.0002999042730134969 0.0003406629221578345 0.0017218241171199837
12.635176770896544 0.00029307175122608763 0.0032360954108636526 0.0017478632329330297
12.619554443595112 0.0002845467993144447 -0.0018249478761974613 0.0017554278965779156
12.603584650398307 0.00028785617301087095 -0.001658152755741538 0.0017365902301867502
12.58773031390172 0.00029497947142537493 0.001289522291461892 0.001710892036456772
12.572040658636816 0.0002873692684170135 -0.00043784109652961987 0.0017001231367467181
12.556276516094004 0.00028560349499074847 -0.0005910031420530747 0.0017022866776299577
12.540528676028833 0.0002950807101438112 -0.003372318015339237 0.001691978275101982
12.524697288774844 0.0002924668653893713 -0.0010923898979605107 0.0016467424764516686
12.509050915051603 0.00028626600790001704 -0.000316657562511676 0.0015711679545423972
12.49347851847038 0.0002899885838198282 -0.0009978939961369597 0.0014884322963794013
12.477642071592626 0.00028830441237458844 0.0011302248610604861 0.0014171954016334036
12.46169016033571 0.00028679073946848805 0.0017924675141624757 0.0013642477767649632
12.445656559846292 0.0002997090009435948 -1.8627850514081644e-05 0.0013281946138043992
12.429678011466295 0.00028905296716489 0.001466019960873516 0.0013023309340233818
12.413585616849488 0.00028984403100452613 -0.0015049845614072566 0.0012765461096677403
12.396853369809598 0.00029615104219970866 -0.00042584245789795946 0.001242333189318565
12.380492674791666 0.00028911824241187426 0.0004451493296182612 0.0011992369275521228
12.364372737322423 0.0002957552847104613 0.00020626290575143804 0.0011553675332179943
12.348168637322424 0.0002970613093621064 0.00040532506972487886 0.001121112395109165
12.33192815072156 0.0003010645133183534 0.00011712400335340512 0.0011019388345990069
12.315698496365904 0.0003114380836316312 -0.00033291188415232636 0.0010939417279287723
12.299575266197435 0.00029718477319446904 -0.0005108195161741564 0.0010844089786631336
12.283289384666881 0.00030885691448600134 -6.339813110565866e-05 0.0010612570853013204
12.266861656902734 0.0003158020637750446 0.0006376968796383837 0.0010254854100931912
12.250488918920375 0.0003079790565061408 0.00120048932571074 0.0009908376948956825
12.233986363830876 0.00029483628914438853 0.00024245164521024382 0.0009709252180532772
12.21754553945578 0.0002978720834922318 0.001364634116207078 0.0009703323639257386
12.201067939998767 0.0003034155584125684 -0.0008467387994756199 0.0009841112122861715
12.184505155960432 0.0002953531788554949 0.0011376327982235042 0.00100092430087907
12.16790664613838 0.00029200655803193493 -0.000972225338901089 0.0010094493870660807
12.151272434721546 0.00029564182391345794 -0.0018242119233098462 0.0010073795329661012
12.134602490483054 0.0002969736087034984 -0.0016961999500009132 0.0010037336398750977
12.117759456198451 0.0002917107147403367 0.000606017515689313 0.0010080490227762041
12.100488679281447 0.00029233249122723767 0.001389514477768396 0.0010173325325895566
12.08347126811125 0.0002967657007582676 -0.0007570726308171419 0.0010155091863509357
12.066618565841962 0.0002968193846436465 0.0017223331154268464 0.0009906514237715425
12.049771231868595 0.00029403679600108434 -5.552003467077199e-05 0.000950353162133091
12.032888281633609 0.0002899346001995255 -0.0014116545603247163 0.0009115832294058324
12.01596768163361 0.0002964419661788409 0.000871068925480961 0.0008825546351386303
11.999813299943787 0.00029042247360171154 0.0024804514745659966 0.0008602129291659716
11.982920091208685 0.0002970186901308495 0.0005511123587172507 0.0008390517453181115
11.965889900158327 0.0002993678815169982 0.000853357741847967 0.0008176298934183139
11.94878370637807 0.00028849817563842306 0.0015006421321072626 0.00079663885613071
11.931711998123308 0.0002906855521102969 0.0006418404454622444 0.0007746582690058078
11.914406379390543 0.00030127540441309155 0.0008133298002049368 0.0007496596947374021
11.896921466476071 0.00030608346030593716 0.00013798786873382254 0.0007234726727305573
11.879714047056376 0.00029289709995959927 -0.00013233533103279783 0.000700989256547966
11.862470472331381 0.000297097444044175 -0.0002447796908464177 0.0006846140205950085
11.84519071832665 0.000302467045928359 5.054969754054458e-05 0.0006715873588274882
11.827833573741687 0.0002954314881878834 0.00022162597066727343 0.0006572114937027087
11.810317593622294 0.0003034515140820711 0.00041035229644020735 0.0006397275890168194
11.792771083076973 0.0003091513828681284 -0.0005442240107100781 0.0006211915954276124
11.775309008389636 0.0002983633454580435 8.162565491725752e-05 0.0006044792026337339
11.75784746310156 0.0002977746244211755 -0.0004753780616630873 0.0005908980056328615
11.74034927557727 0.00030840034349349945 0.00010001840263248514 0.0005799468291023231
11.722865177604321 0.00029607246525813885 0.00013572602310209993 0.0005701801267134553
11.705559132333292 0.0002900973011228659 0.0006640657722549457 0.000560571007023639
11.688032241779396 0.0002997325529231097 0.00027835723727143814 0.0005517611322268055
11.670385346362348 0.0002903929399995854 -2.2033667449472506e-05 0.0005456102998175164
11.652701176546431 0.0002870951953005102 -0.00027666072177585363 0.0005428730959801957
11.63497963229232 0.00030715657480992925 0.0005540245125561095 0.0005414055552762521
11.617088433158882 0.00028776376660099277 0.0012663166765210284 0.0005376217497975249
11.598956806836485 0.00029496251122243294 0.0002585371339020099 0.0005300249132448948
11.581005477100733 0.00028811007063458656 -0.0005027423787104543 0.000520173618012819
11.563152135790954 0.0002888013351944809 0.0004303291024274217 0.0005103082623746268
11.545206189695497 0.00029541955954772467 0.0002859183092090415 0.0005014433937493772
11.527256947799174 0.00028578396117357314 -0.00011894671842039737 0.0004938301883716843
11.50925703614462 0.00028878368541913635 -0.0002616177959562346 0.00048742223674743193
11.491203571055818 0.00028578570393807075 0.00032928017436734564 0.00048122523296100005
11.473166130754885 0.00029528657161797633 -0.00010332341959618397 0.0004736615130694616
11.455031107609926 0.00029891394242662284 0.00086399259077139 0.0004645523905947277
11.436926596170116 0.00030183722848729295 -0.00029983654186715964 0.0004557303475908527
11.418777890058431 0.00028408767948762684 -0.00038816471855636635 0.00044869389886867525
11.400716787679507 0.0002805436996557996 -0.0008809456753998166 0.0004426838674700371
11.382451454210567 0.00028708418878188374 0.0004629270926308358 0.0004359967989433333
11.36414553690477 0.0002885306280827539 -1.434061211906388e-05 0.0004286132769528104
11.345811710115548 0.0002845776383501337 -0.0007077309033598151 0.00042217038678010293
11.327417959066015 0.0002840804274403858 0.00038567471826251215 0.00041755203985720913
11.308835406122595 0.0003112971362940432 0.00021416883529207367 0.00041377340088721767
11.290276633240937 0.0002863446154770562 0.0006231630437121475 0.0004093404015182006
11.271781403535712 0.0002864343913315455 0.0002545965009588701 0.00040407368552052155
11.253209276461552 0.0002789886693712785 0.0006824429805377134 0.00039914789161593286
11.234626609781321 0.0002856444188985162 -0.00025654788719650624 0.00039589127911581216
11.215757144053965 0.00029448493345296826 -3.851391258525227e-05 0.0003945033884727073
11.196702099098754 0.0002908995093707268 0.0003722362818152945 0.0003934045709536493
11.177926268197728 0.00028167403308778754 0.0018696038144543205 0.00038993851171904804
11.159130812819212 0.0002837579512603024 -0.00039044328540854405 0.000382590272323149
11.140372392179483 0.0002756940780948255 0.0006189984358471864 0.0003725356453547633
11.121669093974486 0.00028295762834776967 -0.0005424056735047472 0.00036243230296128783
11.103123971628712 0.00028386109261571284 0.0002076059759118995 0.00035413831756881786
11.084139154522594 0.0002886478135988733 2.3079469276790455e-05 0.0003479055150673322
11.065168426475822 0.00028682585563216375 0.00020802957298503977 0.0003427911726488453
11.04609561958936 0.0002803654326312876 0.000855690169869896 0.0003374236395253702
11.026984575391939 0.00027802800461818636 0.0005712730973298479 0.00033101444418592434
11.007669468930946 0.0002931059069657856 0.001090020599538777 0.00032413609341531226
10.98841016029903 0.0002891737457986551 4.474723673621823e-05 0.0003181830830945601
10.96918846133332 0.00027309959954582933 -0.00014895871234026184 0.0003140126200706101
10.94992045952568 0.0002735175716008712 0.000308053748129998 0.0003113454647692702
10.930386266649654 0.0002774127203545926 0.0003893775509157607 0.00030930927845145375
10.910455612589187 0.00028271046617631644 -1.6565223583630032e-05 0.00030708993141152416
10.89053055436048 0.0002846749928963548 0.0001877880440794702 0.00030405746917534635
10.871045153135332 0.00028466853356976375 0.00027888770676650786 0.0002998760838273829
10.85151701563906 0.0002764827228071004 0.0002706737214752799 0.0002947292561284518
10.832109770568637 0.0002903405038411597 0.0002256347303533704 0.000289111662741321
10.813708099536253 0.00029150322277052894 0.0008976026615087502 0.0002832693429972681
10.794026317473685 0.0002788932584795766 0.0001312636445008617 0.0002771898791296786
10.77432350250178 0.0002800818369512487 0.00023565069733844622 0.00027106899366627444
10.754509508851552 0.00027678550169164037 3.667204964136306e-05 0.0002654158122502786
10.73447012867725 0.00027743464935080556 -0.00018922330694909974 0.0002606583241610275
10.71395815713508 0.000284161736625867 0.00018609259899042614 0.0002568307498166553
10.693705954988513 0.0002814171869351556 0.000141024258609754 0.00025356044307507815
10.67364656590839 0.00029139450599542654 0.00014310553431379992 0.00025016298046165914
10.653592908119093 0.0002693697940220638 0.00025696222217042893 0.0002459394612012311
10.633399017483843 0.0002733350642177187 0.00025052883287831674 0.00024082530562066724
10.61314645748475 0.0002781195339336432 6.096117765126688e-05 0.00023554633553698743
10.592841889617123 0.00026789935479089045 -2.880158800466282e-05 0.00023087111376521
10.572561784577676 0.00027088895068789635 0.00010722828798949416 0.00022688988593807635
10.552130675680582 0.00027177970471133604 0.0002442977506008273 0.00022329109764259258
10.531733296092094 0.0002746665174892874 0.00016675061018647607 0.00022004981105237686
10.511322378217699 0.00027949451739224887 0.0003972529670698004 0.0002173237318195443
10.490799252129309 0.00027109862117007577 -2.6461340832367568e-05 0.00021486811163926798
10.470112094641683 0.000270041610941502 0.0005081586512203674 0.00021207912412796501
10.449459145890732 0.0002740379484944822 7.3185171180198e-05 0.00020855172541660178
10.428638773878662 0.0002803510493203479 0.0002541015621349191 0.00020425408511080394
10.407658345041597 0.0002867447321049404 0.0005109171327799621 0.00019934716889229243
10.386758796890541 0.00026946976630419717 -6.383491696546837e-05 0.00019424149282652533
10.365837062558859 0.00027728235828938493 0.00047995784679123347 0.00018958128381339537
10.344744829604712 0.0002729871229956901 0.0005632653276891883 0.00018577743882388024
10.323487699127789 0.00027722946989462504 0.00033785621003122786 0.00018279299839070876
10.30216557054649 0.000269643403424667 0.0003727730464863997 0.0001804612346322462
10.280870197068339 0.00027110233847174353 0.00031589266955125305 0.0001787449431450198
10.259598539691408 0.0002660935198475081 0.0002431830448678986 0.00017751999687694523
10.238154850311188 0.00027267769584164427 1.7691535756070276e-05 0.0001764245587742427
10.21624954418874 0.0002798639617975639 0.00019254149435652957 0.00017506477598591626
10.194556009931157 0.0002727835603060622 0.00023137831772757024 0.00017322982572487116
10.172969907200471 0.00027625509001608263 0.00026024715613450936 0.0001709300776408658
10.151239148381524 0.00026658073535393815 0.00017275780338078193 0.00016837243320272255
10.129657251922985 0.0002639077218448409 0.00045140114893813844 0.00016584638682009552
10.108173243714715 0.00027166445831571206 0.00018616716830996308 0.00016346135614729826
10.08633002235681 0.00026802332355855147 8.867802406375128e-05 0.00016105752967174525
10.06432167301857 0.0002702826051213339 0.00012143085138925617 0.00015845195264261504
10.04218982369769 0.0002688460655250517 0.00045913384417885944 0.00015569582662132653
10.019623835342477 0.0002669610069931769 0.0002602216065127005 0.0001530075703519249
9.997289132819983 0.00026606113541990267 2.224330558325992e-05 0.00015053276783394184
9.974951294537949 0.00026898924337456494 0.00033420077912181057 0.00014832828373817877
9.95252397050779 0.0002642310690090046 0.00015882195420805812 0.00014648787259753334
9.929967489774429 0.00026723141330837184 0.0003009480435264246 0.00014509848892855321
9.907316037205458 0.0002550830618776417 0.00039534821128325143 0.0001440885967347378
9.884626372067777 0.0002661376956056162 0.00026248660844099006 0.00014328684700068022
9.861853925800965 0.00026479157683100094 0.00039421369284816667 0.00014258848762315656
9.838924250015955 0.00025702887300109266 0.0002552202962437351 0.0001419986513481753
9.815203268009245 0.0002534675953393644 0.00031109270444539547 0.0001414612567844964
9.791972035319553 0.0002513101532334127 0.0003291136286233222 0.00014074894369947512
9.7688292680336 0.0002551028697371672 0.00010635107330943052 0.0001396456039469605
9.745596397180883 0.0002527234573593378 0.000232083938943071 0.00013815032676171737
9.722553605208331 0.0002480068618416426 0.0001429375817853858 0.000136367834880337
9.699352469256183 0.0002505993915610943 0.00011269718973156784 0.0001343475341622832
9.675830300475516 0.00025211939853749134 0.0004297213032724602 0.00013216383363824147
9.652278774327241 0.0002489864479875485 0.0002859417823381598 0.00012997748562510643
9.629101267925797 0.0002462021193566832 9.472767043521512e-05 0.00012793145471707556
9.605669015443047 0.0002519794999729127 0.0004106256069567853 0.00012612459966272315
9.5817526785329 0.00025245253767198724 0.00037462181080959677 0.0001247158558189754
9.557728258378672 0.00024319800116787702 9.837542473549677e-05 0.00012390150001526885
9.532992349303857 0.00023533723783968869 0.0002496440791201695 0.00012370176340978145
9.507922189378467 0.00023678436720928701 0.00031608082136381295 0.0001238422102603973
9.483527637567965 0.00023731832350720427 0.00032004785581006497 0.000123916797672922
9.459077280535723 0.00022733906624166698 0.0003487041972906417 0.00012361285119012166
9.434429438930062 0.000223127806612205 0.00024406973578520235 0.00012273488646429877
9.409597704322342 0.00021489644882771199 0.00026113495814645215 0.0001212596885269531
9.384799267380028 0.00020571035662436107 0.00017304876701106209 0.00011952736012091351
9.359913436693795 0.0002077848990106863 0.00013673560468569753 0.00011804424219009497
9.334312052165929 0.00019386003690963045 0.00015785629227209813 0.00011695863211006606
9.308802382812472 0.00019279721676123502 0.00024045645027475932 0.0001160095320858811
9.283482596793995 0.00019162427551820826 0.00024239531813677554 0.00011495044659091998
9.258178099334877 0.00019047411870797644 3.70381946150192e-05 0.00011377539405924343
9.233679103736602 0.00018065899077263453 0.00013274275009487004 0.00011258831879965611
9.208953410905758 0.00018115751401311125 0.00018211984685839112 0.00011146295523505659
9.183255392794495 0.00018021316772179964 0.00014658642209457038 0.00011040526762964585
9.157436569463716 0.0001840841684447713 0.0001145384522430398 0.00010942655626764725
9.13083442061274 0.00018686970058975417 -3.7462590474764232e-06 0.0001085824974548253
9.104365691172788 0.0001833042680385637 4.423884379872785e-05 0.00010782981979749246
9.078123243084688 0.00018836270306675043 0.00022104196157295643 0.0001069813149185484
9.05180640962011 0.0001919328290626143 0.00017626313120455825 0.00010593361664090371
9.02519802724429 0.00018923775058302952 7.966691282056776e-05 0.00010476358240147286
8.998573510769724 0.00019220248187382138 0.00033761063296857064 0.00010352595408955687
8.97186886516431 0.00019379006905080514 0.00013177140784033042 0.00010221861057403814
8.945083993029966 0.0001943223728850812 0.00017591778292140584 0.00010095970207002827
8.918186597047027 0.00019326005546624252 0.00011304342519249544 9.991924137461045e-05
8.891110458661572 0.00019316580294364218 0.00027495044921026007 9.91492784312181e-05
8.863888699899292 0.0002016097269459974 0.00021680903997539243 9.860828695548338e-05
8.836594432237707 0.00020252920001389738 0.00021156209650455157 9.812593378401996e-05
8.809162964256211 0.00021167828871892382 0.00012790854494363946 9.740874321705599e-05
8.781527070716779 0.00019923237522514496 0.00018143299685119955 9.639370331323038e-05
8.75360217347986 0.00021665201868245222 0.00020287145808743396 9.539058678001906e-05
8.724622655443005 0.00020597246241553594 0.0002120331755530129 9.461493073520353e-05
8.696113654055294 0.0002120149457288177 0.00020214348737605797 9.392106174619945e-05
8.667935374117288 0.0002135600529338059 0.0001212851104391236 9.309795207199524e-05
8.639734875229658 0.000227139038477735 0.0001758108537922734 9.225700053217509e-05
8.61171598429793 0.00022223541353230862 0.0002441030734563808 9.169207374750878e-05
8.583085552003546 0.00021294827762518106 0.0001253949769060187 9.144135741969682e-05
8.554276875892393 0.0002103281249343488 6.511725623739744e-05 9.12934241978923e-05
8.524929673485504 0.0001959796965349901 0.00038037423608025566 9.111423468106483e-05
8.49583070841044 0.00020827156630325074 0.00010692753750336876 9.08037617138367e-05
8.46660152528996 0.00019653180702384202 0.0001476885766679438 9.015646670366131e-05
8.437145645182085 0.00018894838346422747 0.00011933691078618605 8.917292500211691e-05
8.40754947113814 0.00019590721766139853 0.0002226675175822421 8.8182030525441e-05
8.377852243538848 0.00020259714822740856 0.0001333391412513408 8.74265675476342e-05
8.347963585458274 0.00019424370683160692 0.00013343469247316356 8.686689403361139e-05
8.317665348440762 0.00019763621992256419 0.00018953752826549413 8.63406541209308e-05
8.28750032916898 0.0001954288818275545 0.00020077777092862727 8.570676563876973e-05
8.257096788646708 0.0001917437251181485 4.520581039234867e-05 8.502357278702239e-05
8.226099219891761 0.0001881099557898138 0.0001615901600612034 8.44784463651168e-05
8.195422613356255 0.00019728936314214614 0.00036917294304004663 8.404036092599757e-05
8.164604667231231 0.00019698384942646343 0.0002192369064834388 8.354284950128248e-05
8.133713194647747 0.00020754490569554728 0.0002811643743759542 8.2948783171811e-05
8.10258730061176 0.00021825419771290855 0.00023760683748556025 8.224812052366496e-05
8.07124642024476 0.0002122893641289186 0.0002820763120448987 8.149009093498457e-05
8.039729871065273 0.00022760219552260088 0.00021542051776993852 8.081576212132494e-05
8.008032823588596 0.0002253438924146593 0.00015387514279799602 8.016385514770155e-05
7.976140714889371 0.0002240666754421365 0.00018423526751404885 7.932196403078208e-05
7.943837639767416 0.00023375140483139224 0.00020110632437236447 7.834257471046416e-05
7.911061671028914 0.0002368945115063835 0.00030497864152906763 7.748393263313994e-05
7.878627147333346 0.0002460711241767389 0.000297228931357307 7.6763401042867e-05
7.8459313062743 0.00024010155487446742 0.00013835823974006473 7.591747354343126e-05
7.8130160500757775 0.00024227358635698027 0.0003182250867396143 7.485898786019063e-05
7.780015764641111 0.00024968763424683236 0.0002496716737295462 7.383428041439339e-05
7.7467572104040645 0.0002672263929016911 0.00015175663401359153 7.31374911324665e-05
7.713266714283876 0.0002601833399667038 0.00010405270200095453 7.281630412076247e-05
7.679680556333592 0.0002581926282979251 0.0003064423474526528 7.257298372175639e-05
7.645927877687778 0.00025009769673417157 0.00011862017689813546 7.198457723565465e-05
7.6120193964134595 0.00027217015687233074 0.0004237027945056356 7.087299992387078e-05
7.577756455488466 0.00027518038679901006 0.00026374221038943555 6.953200457813168e-05
7.542998647187116 0.0002560037234445652 0.0003208544407015296 6.84489748212601e-05
7.50783787355546 0.0002661266804725029 0.00035165000465558083 6.781857824179889e-05
7.4726498513125685 0.0002687547965857835 0.0002549228639067469 6.745252033911429e-05
7.436593114035145 0.00026865988372978654 0.0003569632031955798 6.707833569776835e-05
7.400580473684547 0.0002522305234590019 0.0002792488379375113 6.658479309160182e-05
7.365302177628015 0.0002575284427462513 0.0001798359272213122 6.592116421929534e-05
7.331557170405593 0.00025800964536703847 0.00022997017636444428 6.503508403375477e-05
7.295745166593309 0.00026995320445205866 0.00031308235927005957 6.392963617693203e-05
7.258703048501472 0.0002487457675860957 0.0003214179796304965 6.277273810843197e-05
7.220349304485671 0.0002571793905688481 0.00019344963087675188 6.185538620923347e-05
7.183129329400701 0.00024086369290700292 0.0001791070610205467 6.13272154619493e-05
7.146093869295076 0.0002529236867902943 0.00021264122935033634 6.126578221767982e-05
7.108897185773344 0.00024402660789699343 0.00014117201006933492 6.149938045766078e-05
7.07080223861058 0.00023347851287289226 0.00022213561653531714 6.1500096715473e-05
7.031602987956058 0.00024063522058746198 0.00020342169623604697 6.102193199556107e-05
6.992801854108581 0.00023196575520746763 0.00014708471619426868 6.023948197914636e-05
6.954024331824737 0.00024158752806327112 0.000217696706315012 5.925910788362589e-05
6.914829677034414 0.0002427001608773179 0.00022877522582075916 5.8258746564708454e-05
6.875406677034414 0.00023404503576435456 0.0002720596560032592 5.760473213088905e-05
6.837249342737771 0.0002303803470700316 0.00011977237233123831 5.745559646958816e-05
6.7974903983163335 0.00025114107278587306 0.0002467534592410054 5.737196151171454e-05
6.756062002532959 0.00023980875016442894 0.00019814092203546596 5.664955972482363e-05
6.713928508518516 0.0002427636151048512 0.00017954265923564468 5.527625068160998e-05
6.672312275744021 0.00022392499629979916 0.0002634482100940677 5.4063015059613354e-05
6.627098516166742 0.00022532295691456074 0.0002772588538397377 5.3559826630641765e-05
6.584503471916814 0.0002150937575583928 0.00021067607479839532 5.342391281412496e-05
6.544354105073742 0.0002179751680460612 0.00024976951531950864 5.301607905951729e-05
6.502189692486845 0.00022090063998777808 0.00021214267271358548 5.222637278133422e-05
6.457812227265625 0.00021725844317562997 0.00021473093601135596 5.1226643130571876e-05
6.412511798574984 0.00020984907304672336 0.0002226672186580655 5.02129610426792e-05
6.3673670352281295 0.00020112743260394328 0.0002148811084559992 4.942771529849076e-05
6.321786851935292 0.00020034759349633703 0.0001458158404005766 4.891613042476301e-05
6.275501198243689 0.00020108158679581504 0.00014949831764958868 4.8551018355995296e-05
6.228396211714944 0.0002043892424878966 0.00012338708363420007 4.8343033535859095e-05
6.180708369729578 0.00019865301107500235 0.00018873725519182738 4.827225138151839e-05
6.128159724115049 0.00019768041817329373 0.00021518112035110614 4.8170655798416264e-05
6.078388538158479 0.00020143109692218422 0.00018661848276714155 4.782188021890256e-05
6.029691543684865 0.00020102618503017462 0.00012031615005518418 4.7059356086165055e-05
5.979181539926254 0.0001959783815477705 0.0002028965769614176 4.6043757656957924e-05
5.927472732320789 0.00019110076678941764 0.0002715413541364506 4.5155880697057955e-05
5.873858010156387 0.00019233718817998583 0.0001983948918012734 4.459354818191547e-05
5.817610528634856 0.00019095754514816417 0.00017087327224172665 4.442392331013899e-05
5.760543820874358 0.00018703433278282643 0.00019669664662342202 4.411813389376131e-05
5.701666273418048 0.00018752174888604718 0.00026141773521807566 4.330208102552121e-05
5.644899780903801 0.00019299838587397307 0.00020351664493718509 4.2562986455141113e-05
5.585811015186892 0.00019598830179241782 0.00017182886110381557 4.195628629880089e-05
5.522175532883517 0.00018649253231314605 0.00020636849434604103 4.0940132711895494e-05
5.45868774602281 0.00017318522186606511 0.000124537290302639 3.9843041665489775e-05
5.393639431577442 0.00018670364527126118 0.00015899473734138156 3.9070328505220913e-05
5.32088878023848 0.00017590822567348268 0.00021764983514909126 3.848131234429653e-05
5.2537762343874626 0.00016436316068070325 0.0001905414137658792 3.788028072262379e-05
5.183544724315774 0.0001552183427209994 0.00016087095428462942 3.798989228018475e-05
5.1037750130994235 0.00015144582896065188 0.00013547607383736 3.9228042263307794e-05
5.0213030755938055 0.00015340954123016916 0.00025795063652124533 4.483757115044972e-05
