2.86504e+01 1.71200e-02
2.84930e+01 1.97100e-02
2.83373e+01 1.77000e-02
2.81833e+01 9.84000e-03
2.80310e+01 7.52000e-03
2.78802e+01 9.89000e-03
2.77312e+01 5.87000e-03
2.75836e+01 3.39000e-03
2.74377e+01 1.12000e-03
2.72933e+01 5.15000e-03
2.71504e+01 7.70000e-03
2.70090e+01 1.12900e-02
2.68690e+01 1.64800e-02
2.67305e+01 1.62600e-02
2.65935e+01 1.40500e-02
2.64578e+01 1.32900e-02
2.63235e+01 1.23800e-02
2.61905e+01 1.20700e-02
2.60589e+01 1.34800e-02
2.59286e+01 1.88500e-02
2.57996e+01 1.52900e-02
2.56719e+01 9.66000e-03
2.55454e+01 7.18000e-03
2.54202e+01 9.74000e-03
2.52962e+01 1.09600e-02
2.51734e+01 5.76000e-03
2.50518e+01 2.95000e-03
2.49314e+01 9.30000e-03
2.48121e+01 1.48100e-02
2.46939e+01 1.66900e-02
2.45769e+01 1.55300e-02
2.44610e+01 1.15700e-02
2.43461e+01 1.11700e-02
2.42324e+01 1.54400e-02
2.41197e+01 8.01000e-03
2.40080e+01 1.22800e-02
2.38974e+01 1.81000e-02
2.37877e+01 1.67300e-02
2.36791e+01 9.78000e-03
2.35715e+01 7.72000e-03
2.34648e+01 1.35500e-02
2.33591e+01 1.73700e-02
2.32544e+01 1.51200e-02
2.31506e+01 1.16500e-02
2.30477e+01 1.34900e-02
2.29457e+01 1.58000e-02
2.28446e+01 1.34600e-02
2.27444e+01 2.03900e-02
2.26451e+01 2.28300e-02
2.25466e+01 2.82800e-02
2.24490e+01 2.95600e-02
2.23523e+01 2.52800e-02
2.22563e+01 1.92300e-02
2.21612e+01 1.66600e-02
2.20669e+01 1.75100e-02
2.19734e+01 1.75600e-02
2.18807e+01 1.48600e-02
2.17888e+01 1.54100e-02
2.16976e+01 1.22700e-02
2.16072e+01 1.11100e-02
2.15175e+01 6.28000e-03
2.14286e+01 6.13000e-03
2.13404e+01 1.16500e-02
2.12530e+01 1.57300e-02
2.11662e+01 1.92700e-02
2.10802e+01 1.40900e-02
2.09948e+01 1.86500e-02
2.09102e+01 1.89700e-02
2.08262e+01 1.50400e-02
2.07429e+01 2.43500e-02
2.06603e+01 3.09100e-02
2.05783e+01 2.66200e-02
2.04969e+01 2.25400e-02
2.04162e+01 1.62800e-02
2.03362e+01 1.66500e-02
2.02567e+01 2.98500e-02
2.01779e+01 3.51100e-02
2.00997e+01 2.86800e-02
2.00221e+01 2.54300e-02
1.99451e+01 2.32100e-02
1.98687e+01 2.30600e-02
1.97928e+01 2.74700e-02
1.97176e+01 3.08000e-02
1.96429e+01 3.49700e-02
1.95688e+01 3.59600e-02
1.94952e+01 3.80200e-02
1.94222e+01 4.15800e-02
1.93497e+01 4.84200e-02
1.92778e+01 5.20000e-02
1.92064e+01 4.78500e-02
1.91355e+01 4.30600e-02
1.90652e+01 4.37600e-02
1.89953e+01 4.32900e-02
1.89260e+01 4.21700e-02
1.88572e+01 4.52000e-02
1.87889e+01 4.89800e-02
1.87210e+01 5.10400e-02
1.86537e+01 5.62000e-02
1.85868e+01 6.08800e-02
1.85204e+01 6.36300e-02
1.84545e+01 6.47400e-02
1.83891e+01 6.53000e-02
1.83241e+01 6.87200e-02
1.82596e+01 7.93000e-02
1.81955e+01 9.30100e-02
1.81319e+01 1.00240e-01
1.80687e+01 9.62100e-02
1.80060e+01 8.78100e-02
1.79437e+01 8.28300e-02
1.78818e+01 7.55600e-02
1.78204e+01 6.62900e-02
1.77593e+01 6.36300e-02
1.76987e+01 6.90200e-02
1.76385e+01 7.20800e-02
1.75787e+01 6.70500e-02
1.75193e+01 6.21800e-02
1.74604e+01 6.23700e-02
1.74018e+01 6.32500e-02
1.73436e+01 6.17200e-02
1.72858e+01 5.94100e-02
1.72283e+01 5.80000e-02
1.71713e+01 5.74900e-02
1.71146e+01 5.70900e-02
1.70583e+01 5.62200e-02
1.70024e+01 5.51000e-02
1.69468e+01 5.42600e-02
1.68916e+01 5.34500e-02
1.68368e+01 5.26400e-02
1.67823e+01 5.22100e-02
1.67281e+01 5.19800e-02
1.66744e+01 5.19100e-02
1.66209e+01 5.18700e-02
1.65678e+01 5.15100e-02
1.65151e+01 5.12300e-02
1.64626e+01 5.16700e-02
1.64105e+01 5.24400e-02
1.63588e+01 5.29100e-02
1.63073e+01 5.32800e-02
1.62562e+01 5.39700e-02
1.62054e+01 5.49000e-02
1.61549e+01 5.57900e-02
1.61047e+01 5.66400e-02
1.60549e+01 5.75300e-02
1.60053e+01 5.84100e-02
1.59561e+01 5.92100e-02
1.59071e+01 6.01800e-02
1.58585e+01 6.15900e-02
1.58101e+01 6.30100e-02
1.57621e+01 6.39100e-02
1.57143e+01 6.45600e-02
1.56668e+01 6.53000e-02
1.56197e+01 6.59600e-02
1.55727e+01 6.64800e-02
1.55261e+01 6.71100e-02
1.54798e+01 6.78600e-02
1.54337e+01 6.84600e-02
1.53879e+01 6.88600e-02
1.53424e+01 6.93200e-02
1.52971e+01 6.99600e-02
1.52521e+01 7.06700e-02
1.52074e+01 7.13800e-02
1.51629e+01 7.20400e-02
1.51187e+01 7.25600e-02
1.50748e+01 7.29800e-02
1.50311e+01 7.35900e-02
1.49876e+01 7.44000e-02
1.49445e+01 7.50900e-02
1.49015e+01 7.56100e-02
1.48588e+01 7.61600e-02
1.48164e+01 7.66700e-02
1.47741e+01 7.71100e-02
1.47322e+01 7.75800e-02
1.46904e+01 7.81100e-02
1.46489e+01 7.86500e-02
1.46077e+01 7.92200e-02
1.45666e+01 7.98100e-02
1.45258e+01 8.03100e-02
1.44853e+01 8.07200e-02
1.44449e+01 8.11000e-02
1.44048e+01 8.14600e-02
1.43649e+01 8.18700e-02
1.43252e+01 8.23700e-02
1.42857e+01 8.28700e-02
1.42465e+01 8.32700e-02
1.42075e+01 8.35500e-02
1.41686e+01 8.38400e-02
1.41300e+01 8.41300e-02
1.40916e+01 8.43800e-02
1.40535e+01 8.46800e-02
1.40155e+01 8.50300e-02
1.39777e+01 8.53200e-02
1.39401e+01 8.55600e-02
1.39028e+01 8.58300e-02
1.38656e+01 8.61400e-02
1.38286e+01 8.64600e-02
1.37918e+01 8.67800e-02
1.37552e+01 8.71100e-02
1.37189e+01 8.74500e-02
1.36827e+01 8.77300e-02
1.36466e+01 8.79800e-02
1.36108e+01 8.83000e-02
1.35752e+01 8.87100e-02
1.35398e+01 8.91300e-02
1.35045e+01 8.94300e-02
1.34694e+01 8.96800e-02
1.34345e+01 8.99600e-02
1.33998e+01 9.02900e-02
1.33653e+01 9.06800e-02
1.33309e+01 9.11200e-02
1.32967e+01 9.15000e-02
1.32627e+01 9.18000e-02
1.32289e+01 9.21300e-02
1.31952e+01 9.25000e-02
1.31617e+01 9.28600e-02
1.31284e+01 9.32200e-02
1.30953e+01 9.36100e-02
1.30623e+01 9.39900e-02
1.30295e+01 9.43500e-02
1.29968e+01 9.46400e-02
1.29643e+01 9.48400e-02
1.29320e+01 9.50100e-02
1.28998e+01 9.52200e-02
1.28678e+01 9.54400e-02
1.28360e+01 9.56100e-02
1.28043e+01 9.57700e-02
1.27727e+01 9.59000e-02
1.27413e+01 9.59400e-02
1.27101e+01 9.59000e-02
1.26790e+01 9.58400e-02
1.26481e+01 9.58800e-02
1.26173e+01 9.60000e-02
1.25867e+01 9.61000e-02
1.25562e+01 9.61100e-02
1.25259e+01 9.60800e-02
1.24957e+01 9.61300e-02
1.24657e+01 9.62900e-02
1.24358e+01 9.65200e-02
1.24060e+01 9.67400e-02
1.23764e+01 9.69300e-02
1.23470e+01 9.71700e-02
1.23176e+01 9.75200e-02
1.22884e+01 9.79500e-02
1.22594e+01 9.84900e-02
1.22305e+01 9.92000e-02
1.22017e+01 1.00070e-01
1.21731e+01 1.01060e-01
1.21446e+01 1.02110e-01
1.21162e+01 1.03220e-01
1.20879e+01 1.04360e-01
1.20598e+01 1.05550e-01
1.20318e+01 1.06830e-01
1.20040e+01 1.08220e-01
1.19763e+01 1.09700e-01
1.19487e+01 1.11310e-01
1.19212e+01 1.13070e-01
1.18939e+01 1.14960e-01
1.18666e+01 1.16930e-01
1.18396e+01 1.18890e-01
1.18126e+01 1.20880e-01
1.17857e+01 1.22970e-01
1.17590e+01 1.25130e-01
1.17324e+01 1.27290e-01
1.17059e+01 1.29460e-01
1.16796e+01 1.31640e-01
1.16533e+01 1.33800e-01
1.16272e+01 1.35980e-01
1.16012e+01 1.38160e-01
1.15753e+01 1.40310e-01
1.15495e+01 1.42400e-01
1.15238e+01 1.44450e-01
1.14983e+01 1.46470e-01
1.14728e+01 1.48490e-01
1.14475e+01 1.50450e-01
1.14223e+01 1.52340e-01
1.13972e+01 1.54230e-01
1.13722e+01 1.56130e-01
1.13473e+01 1.58030e-01
1.13225e+01 1.59920e-01
1.12979e+01 1.61800e-01
1.12733e+01 1.63670e-01
1.12489e+01 1.65530e-01
1.12245e+01 1.67360e-01
1.12003e+01 1.69200e-01
1.11761e+01 1.71030e-01
1.11521e+01 1.72830e-01
1.11282e+01 1.74630e-01
1.11043e+01 1.76400e-01
1.10806e+01 1.78160e-01
1.10570e+01 1.79930e-01
1.10335e+01 1.81700e-01
1.10100e+01 1.83460e-01
1.09867e+01 1.85150e-01
1.09635e+01 1.86820e-01
1.09403e+01 1.88510e-01
1.09173e+01 1.90240e-01
1.08944e+01 1.91950e-01
1.08715e+01 1.93610e-01
1.08488e+01 1.95260e-01
1.08261e+01 1.96910e-01
1.08036e+01 1.98540e-01
1.07811e+01 2.00190e-01
1.07588e+01 2.01860e-01
1.07365e+01 2.03530e-01
1.07143e+01 2.05180e-01
1.06922e+01 2.06830e-01
1.06702e+01 2.08540e-01
1.06483e+01 2.10260e-01
1.06265e+01 2.11910e-01
1.06048e+01 2.13570e-01
1.05831e+01 2.15300e-01
1.05616e+01 2.17060e-01
1.05401e+01 2.18800e-01
1.05187e+01 2.20530e-01
1.04974e+01 2.22230e-01
1.04762e+01 2.23920e-01
1.04551e+01 2.25640e-01
1.04341e+01 2.27430e-01
1.04131e+01 2.29230e-01
1.03922e+01 2.31020e-01
1.03715e+01 2.32790e-01
1.03508e+01 2.34570e-01
1.03301e+01 2.36340e-01
1.03096e+01 2.38080e-01
1.02891e+01 2.39790e-01
1.02688e+01 2.41480e-01
1.02485e+01 2.43180e-01
1.02283e+01 2.44890e-01
1.02081e+01 2.46590e-01
1.01881e+01 2.48310e-01
1.01681e+01 2.50050e-01
1.01482e+01 2.51730e-01
1.01284e+01 2.53310e-01
1.01086e+01 2.54850e-01
1.00890e+01 2.56410e-01
1.00694e+01 2.57990e-01
1.00499e+01 2.59560e-01
1.00304e+01 2.61130e-01
1.00111e+01 2.62730e-01
9.99176e+00 2.64320e-01
9.97255e+00 2.65920e-01
9.95341e+00 2.67510e-01
9.93434e+00 2.69050e-01
9.91535e+00 2.70570e-01
9.89642e+00 2.72080e-01
9.87757e+00 2.73540e-01
9.85879e+00 2.74940e-01
9.84009e+00 2.76250e-01
9.82145e+00 2.77520e-01
9.80288e+00 2.78810e-01
9.78439e+00 2.80090e-01
9.76596e+00 2.81300e-01
9.74760e+00 2.82470e-01
9.72932e+00 2.83610e-01
9.71110e+00 2.84700e-01
9.69295e+00 2.85770e-01
9.67486e+00 2.86850e-01
9.65685e+00 2.87900e-01
9.63890e+00 2.88850e-01
9.62101e+00 2.89710e-01
9.60320e+00 2.90540e-01
9.58545e+00 2.91320e-01
9.56776e+00 2.92050e-01
9.55014e+00 2.92710e-01
9.53258e+00 2.93370e-01
9.51509e+00 2.93990e-01
9.49767e+00 2.94510e-01
9.48030e+00 2.94910e-01
9.46300e+00 2.95290e-01
9.44577e+00 2.95620e-01
9.42859e+00 2.95820e-01
9.41148e+00 2.95810e-01
9.39443e+00 2.95640e-01
9.37744e+00 2.95330e-01
9.36052e+00 2.94880e-01
9.34365e+00 2.94260e-01
9.32684e+00 2.93450e-01
9.31010e+00 2.92360e-01
9.29342e+00 2.90980e-01
9.27679e+00 2.89330e-01
9.26022e+00 2.87380e-01
9.24372e+00 2.85110e-01
9.22727e+00 2.82540e-01
9.21088e+00 2.79680e-01
9.19455e+00 2.76480e-01
9.17828e+00 2.72960e-01
9.16206e+00 2.69150e-01
9.14590e+00 2.65080e-01
9.12980e+00 2.60730e-01
9.11375e+00 2.56160e-01
9.09776e+00 2.51420e-01
9.08183e+00 2.46560e-01
9.06595e+00 2.41620e-01
9.05013e+00 2.36570e-01
9.03437e+00 2.31440e-01
9.01865e+00 2.26350e-01
9.00300e+00 2.21320e-01
8.98739e+00 2.16290e-01
8.97184e+00 2.11330e-01
8.95635e+00 2.06500e-01
8.94091e+00 2.01820e-01
8.92552e+00 1.97230e-01
8.91018e+00 1.92790e-01
8.89490e+00 1.88530e-01
8.87967e+00 1.84360e-01
8.86449e+00 1.80300e-01
8.84936e+00 1.76390e-01
8.83429e+00 1.72610e-01
8.81926e+00 1.68920e-01
8.80429e+00 1.65360e-01
8.78937e+00 1.61900e-01
8.77449e+00 1.58490e-01
8.75967e+00 1.55200e-01
8.74490e+00 1.52030e-01
8.73018e+00 1.48900e-01
8.71551e+00 1.45850e-01
8.70088e+00 1.42870e-01
8.68631e+00 1.39960e-01
8.67178e+00 1.37110e-01
8.65731e+00 1.34310e-01
8.64288e+00 1.31540e-01
8.62850e+00 1.28790e-01
8.61416e+00 1.26090e-01
8.59988e+00 1.23470e-01
8.58564e+00 1.20870e-01
8.57145e+00 1.18250e-01
8.55730e+00 1.15600e-01
8.54321e+00 1.12950e-01
8.52915e+00 1.10380e-01
8.51515e+00 1.07860e-01
8.50119e+00 1.05310e-01
8.48728e+00 1.02740e-01
8.47341e+00 1.00120e-01
8.45959e+00 9.74100e-02
8.44581e+00 9.46600e-02
8.43207e+00 9.19200e-02
8.41839e+00 8.91600e-02
8.40474e+00 8.63700e-02
8.39114e+00 8.35900e-02
8.37759e+00 8.07800e-02
8.36407e+00 7.79300e-02
8.35061e+00 7.50500e-02
8.33718e+00 7.21800e-02
8.32380e+00 6.92900e-02
8.31046e+00 6.63700e-02
8.29716e+00 6.33800e-02
8.28391e+00 6.03600e-02
8.27070e+00 5.73300e-02
8.25753e+00 5.43200e-02
8.24440e+00 5.13300e-02
8.23131e+00 4.83100e-02
8.21827e+00 4.53000e-02
8.20526e+00 4.23000e-02
8.19230e+00 3.92900e-02
8.17938e+00 3.62900e-02
8.16650e+00 3.33400e-02
8.15366e+00 3.04800e-02
8.14086e+00 2.76700e-02
8.12810e+00 2.49300e-02
8.11538e+00 2.22700e-02
8.10270e+00 1.97300e-02
8.09006e+00 1.73300e-02
8.07745e+00 1.50900e-02
8.06489e+00 1.29800e-02
8.05237e+00 1.10200e-02
8.03988e+00 9.27000e-03
8.02744e+00 7.71000e-03
8.01503e+00 6.32000e-03
8.00266e+00 5.14000e-03
7.99033e+00 4.14000e-03
7.97804e+00 3.28000e-03
7.96578e+00 2.53000e-03
7.95357e+00 1.92000e-03
7.94139e+00 1.45000e-03
7.92924e+00 1.09000e-03
7.91714e+00 8.00000e-04
7.90507e+00 5.90000e-04
7.89304e+00 4.60000e-04
7.88104e+00 4.30000e-04
7.86908e+00 4.30000e-04
7.85716e+00 4.20000e-04
7.84527e+00 4.30000e-04
7.83342e+00 5.20000e-04
7.82161e+00 6.60000e-04
7.80983e+00 8.00000e-04
7.79808e+00 9.50000e-04
7.78638e+00 1.13000e-03
7.77470e+00 1.31000e-03
7.76306e+00 1.51000e-03
7.75146e+00 1.74000e-03
7.73989e+00 1.95000e-03
7.72835e+00 2.13000e-03
7.71685e+00 2.30000e-03
7.70539e+00 2.51000e-03
7.69396e+00 2.74000e-03
7.68256e+00 3.00000e-03
7.67119e+00 3.27000e-03
7.65986e+00 3.50000e-03
7.64856e+00 3.74000e-03
7.63730e+00 4.01000e-03
7.62607e+00 4.31000e-03
7.61487e+00 4.59000e-03
7.60370e+00 4.86000e-03
7.59257e+00 5.14000e-03
7.58147e+00 5.41000e-03
7.57040e+00 5.68000e-03
7.55937e+00 5.95000e-03
7.54836e+00 6.23000e-03
7.53739e+00 6.49000e-03
7.52645e+00 6.71000e-03
7.51554e+00 6.93000e-03
7.50467e+00 7.19000e-03
7.49382e+00 7.47000e-03
7.48301e+00 7.74000e-03
7.47223e+00 7.98000e-03
7.46148e+00 8.24000e-03
7.45076e+00 8.53000e-03
7.44007e+00 8.80000e-03
7.42941e+00 9.06000e-03
7.41878e+00 9.34000e-03
7.40818e+00 9.66000e-03
7.39761e+00 9.97000e-03
7.38707e+00 1.02800e-02
7.37657e+00 1.06200e-02
7.36609e+00 1.09800e-02
7.35564e+00 1.13000e-02
7.34522e+00 1.15600e-02
7.33483e+00 1.18000e-02
7.32447e+00 1.20600e-02
7.31414e+00 1.23300e-02
7.30384e+00 1.26200e-02
7.29357e+00 1.28900e-02
7.28332e+00 1.31400e-02
7.27311e+00 1.33500e-02
7.26292e+00 1.35300e-02
7.25276e+00 1.37200e-02
7.24263e+00 1.39200e-02
7.23253e+00 1.41100e-02
7.22246e+00 1.42900e-02
7.21241e+00 1.45000e-02
7.20240e+00 1.47400e-02
7.19241e+00 1.49700e-02
7.18245e+00 1.51800e-02
7.17251e+00 1.54000e-02
7.16260e+00 1.56100e-02
7.15273e+00 1.58200e-02
7.14287e+00 1.60400e-02
7.13305e+00 1.62500e-02
7.12325e+00 1.64600e-02
7.11348e+00 1.66800e-02
7.10373e+00 1.68700e-02
7.09402e+00 1.70200e-02
7.08432e+00 1.71500e-02
7.07466e+00 1.72900e-02
7.06502e+00 1.74300e-02
7.05541e+00 1.76100e-02
7.04582e+00 1.78000e-02
7.03626e+00 1.79200e-02
7.02673e+00 1.80100e-02
7.01722e+00 1.81200e-02
7.00774e+00 1.82700e-02
6.99828e+00 1.84100e-02
6.98885e+00 1.85300e-02
6.97944e+00 1.86600e-02
6.97006e+00 1.88000e-02
6.96071e+00 1.89900e-02
6.95138e+00 1.92100e-02
6.94207e+00 1.93900e-02
6.93279e+00 1.95300e-02
6.92353e+00 1.97000e-02
6.91430e+00 1.99100e-02
6.90509e+00 2.01300e-02
6.89591e+00 2.03200e-02
6.88675e+00 2.05200e-02
6.87762e+00 2.07300e-02
6.86851e+00 2.09400e-02
6.85943e+00 2.11400e-02
6.85036e+00 2.13100e-02
6.84133e+00 2.14500e-02
6.83231e+00 2.16100e-02
6.82332e+00 2.18100e-02
6.81436e+00 2.20100e-02
6.80541e+00 2.21900e-02
6.79650e+00 2.23400e-02
6.78760e+00 2.24900e-02
6.77873e+00 2.26300e-02
6.76988e+00 2.27600e-02
6.76105e+00 2.28500e-02
6.75225e+00 2.29200e-02
6.74347e+00 2.30200e-02
6.73471e+00 2.31800e-02
6.72597e+00 2.33600e-02
6.71726e+00 2.35300e-02
6.70857e+00 2.36800e-02
6.69990e+00 2.38200e-02
6.69126e+00 2.39600e-02
6.68264e+00 2.41000e-02
6.67404e+00 2.42400e-02
6.66546e+00 2.43900e-02
6.65690e+00 2.45400e-02
6.64837e+00 2.47100e-02
6.63985e+00 2.48900e-02
6.63136e+00 2.50800e-02
6.62289e+00 2.52300e-02
6.61445e+00 2.53500e-02
6.60602e+00 2.54500e-02
6.59762e+00 2.55300e-02
6.58923e+00 2.56000e-02
6.58087e+00 2.57100e-02
6.57253e+00 2.58600e-02
6.56421e+00 2.60000e-02
6.55591e+00 2.61200e-02
6.54763e+00 2.62600e-02
6.53938e+00 2.64100e-02
6.53114e+00 2.65400e-02
6.52293e+00 2.66700e-02
6.51473e+00 2.67900e-02
6.50656e+00 2.69400e-02
6.49840e+00 2.71300e-02
6.49027e+00 2.73200e-02
6.48216e+00 2.73900e-02
6.47406e+00 2.74300e-02
6.46599e+00 2.74900e-02
6.45794e+00 2.76000e-02
6.44991e+00 2.77200e-02
6.44190e+00 2.78300e-02
6.43390e+00 2.79600e-02
6.42593e+00 2.81200e-02
6.41798e+00 2.82800e-02
6.41004e+00 2.83900e-02
6.40213e+00 2.84600e-02
6.39424e+00 2.85600e-02
6.38636e+00 2.86700e-02
6.37851e+00 2.87700e-02
6.37067e+00 2.88500e-02
6.36285e+00 2.89300e-02
6.35506e+00 2.90400e-02
6.34728e+00 2.91700e-02
6.33952e+00 2.92500e-02
6.33178e+00 2.93100e-02
6.32406e+00 2.93600e-02
6.31635e+00 2.94100e-02
6.30867e+00 2.94700e-02
6.30100e+00 2.95500e-02
6.29336e+00 2.96300e-02
6.28573e+00 2.97000e-02
6.27812e+00 2.97700e-02
6.27053e+00 2.98400e-02
6.26295e+00 2.99400e-02
6.25540e+00 3.00500e-02
6.24786e+00 3.01300e-02
6.24034e+00 3.02000e-02
6.23284e+00 3.02800e-02
6.22536e+00 3.03700e-02
6.21790e+00 3.04700e-02
6.21045e+00 3.05500e-02
6.20302e+00 3.06100e-02
6.19561e+00 3.06700e-02
6.18822e+00 3.07500e-02
6.18084e+00 3.08400e-02
6.17348e+00 3.09300e-02
6.16614e+00 3.10400e-02
6.15882e+00 3.11300e-02
6.15151e+00 3.12000e-02
6.14422e+00 3.12800e-02
6.13695e+00 3.13700e-02
6.12970e+00 3.14900e-02
6.12246e+00 3.16600e-02
6.11524e+00 3.18400e-02
6.10804e+00 3.19300e-02
6.10085e+00 3.20000e-02
6.09368e+00 3.21000e-02
6.08653e+00 3.22300e-02
6.07940e+00 3.23600e-02
6.07228e+00 3.25200e-02
6.06518e+00 3.26800e-02
6.05809e+00 3.28500e-02
6.05102e+00 3.30000e-02
6.04397e+00 3.31200e-02
6.03693e+00 3.32300e-02
6.02991e+00 3.33200e-02
6.02291e+00 3.33900e-02
6.01592e+00 3.34500e-02
6.00895e+00 3.35500e-02
6.00200e+00 3.36500e-02
5.99506e+00 3.37400e-02
5.98814e+00 3.38200e-02
5.98123e+00 3.38600e-02
5.97434e+00 3.39200e-02
5.96746e+00 3.40000e-02
5.96060e+00 3.40600e-02
5.95376e+00 3.41200e-02
5.94693e+00 3.42000e-02
5.94012e+00 3.42500e-02
5.93332e+00 3.42200e-02
5.92654e+00 3.42000e-02
5.91978e+00 3.42200e-02
5.91303e+00 3.42700e-02
5.90629e+00 3.43400e-02
5.89957e+00 3.43900e-02
5.89287e+00 3.44200e-02
5.88618e+00 3.44700e-02
5.87951e+00 3.45200e-02
5.87285e+00 3.45300e-02
5.86621e+00 3.45400e-02
5.85958e+00 3.45700e-02
5.85296e+00 3.46400e-02
5.84637e+00 3.47400e-02
5.83978e+00 3.47900e-02
5.83321e+00 3.48100e-02
5.82666e+00 3.48300e-02
5.82012e+00 3.48700e-02
5.81359e+00 3.49200e-02
5.80708e+00 3.49900e-02
5.80059e+00 3.50700e-02
5.79411e+00 3.51500e-02
5.78764e+00 3.52300e-02
5.78119e+00 3.53200e-02
5.77475e+00 3.54400e-02
5.76833e+00 3.55500e-02
5.76192e+00 3.56400e-02
5.75552e+00 3.57000e-02
5.74914e+00 3.57400e-02
5.74277e+00 3.57600e-02
5.73642e+00 3.58100e-02
5.73008e+00 3.58700e-02
5.72376e+00 3.59200e-02
5.71745e+00 3.59800e-02
5.71115e+00 3.60400e-02
5.70487e+00 3.61000e-02
5.69860e+00 3.61400e-02
5.69234e+00 3.61900e-02
5.68610e+00 3.62400e-02
5.67987e+00 3.63100e-02
5.67366e+00 3.63900e-02
5.66746e+00 3.64400e-02
5.66127e+00 3.64800e-02
5.65510e+00 3.65300e-02
5.64894e+00 3.66100e-02
5.64279e+00 3.67000e-02
5.63666e+00 3.67600e-02
5.63054e+00 3.67900e-02
5.62443e+00 3.68300e-02
5.61834e+00 3.68700e-02
5.61226e+00 3.69200e-02
5.60619e+00 3.69900e-02
5.60014e+00 3.70600e-02
5.59409e+00 3.71100e-02
5.58807e+00 3.71600e-02
5.58205e+00 3.72000e-02
5.57605e+00 3.72300e-02
5.57006e+00 3.72600e-02
5.56408e+00 3.73000e-02
5.55812e+00 3.73300e-02
5.55217e+00 3.73500e-02
5.54623e+00 3.73800e-02
5.54031e+00 3.74100e-02
5.53439e+00 3.74200e-02
5.52849e+00 3.74400e-02
5.52260e+00 3.74800e-02
5.51673e+00 3.75600e-02
5.51087e+00 3.76200e-02
5.50502e+00 3.76200e-02
5.49918e+00 3.76100e-02
5.49335e+00 3.76300e-02
5.48754e+00 3.76800e-02
5.48174e+00 3.77500e-02
5.47595e+00 3.77900e-02
5.47017e+00 3.78100e-02
5.46441e+00 3.78300e-02
5.45866e+00 3.78500e-02
5.45292e+00 3.78700e-02
5.44719e+00 3.79100e-02
5.44148e+00 3.79800e-02
5.43577e+00 3.80400e-02
5.43008e+00 3.80600e-02
5.42440e+00 3.80700e-02
5.41873e+00 3.81000e-02
5.41307e+00 3.81300e-02
5.40743e+00 3.82000e-02
5.40180e+00 3.82900e-02
5.39618e+00 3.83400e-02
5.39057e+00 3.83200e-02
5.38497e+00 3.83100e-02
5.37938e+00 3.83400e-02
5.37381e+00 3.84200e-02
5.36825e+00 3.85100e-02
5.36269e+00 3.86000e-02
5.35715e+00 3.86500e-02
5.35163e+00 3.86500e-02
5.34611e+00 3.86600e-02
5.34060e+00 3.87100e-02
5.33511e+00 3.87700e-02
5.32963e+00 3.88100e-02
5.32415e+00 3.88400e-02
5.31869e+00 3.89000e-02
5.31324e+00 3.89700e-02
5.30781e+00 3.90400e-02
5.30238e+00 3.91100e-02
5.29696e+00 3.91900e-02
5.29156e+00 3.93000e-02
5.28616e+00 3.93800e-02
5.28078e+00 3.94200e-02
5.27541e+00 3.94500e-02
5.27005e+00 3.94700e-02
5.26470e+00 3.95000e-02
5.25936e+00 3.95500e-02
5.25403e+00 3.96000e-02
5.24871e+00 3.96700e-02
5.24340e+00 3.97400e-02
5.23811e+00 3.97900e-02
5.23282e+00 3.98200e-02
5.22755e+00 3.98500e-02
5.22228e+00 3.98900e-02
5.21703e+00 3.99000e-02
5.21178e+00 3.99000e-02
5.20655e+00 3.99400e-02
5.20133e+00 3.99800e-02
5.19612e+00 4.00000e-02
5.19092e+00 4.00100e-02
5.18573e+00 4.00300e-02
5.18055e+00 4.00500e-02
5.17538e+00 4.00600e-02
5.17022e+00 4.00800e-02
5.16507e+00 4.01200e-02
5.15993e+00 4.01400e-02
5.15480e+00 4.01300e-02
5.14968e+00 4.01300e-02
5.14457e+00 4.01500e-02
5.13947e+00 4.01900e-02
5.13438e+00 4.02300e-02
5.12930e+00 4.02600e-02
5.12423e+00 4.03000e-02
5.11918e+00 4.03400e-02
5.11413e+00 4.03800e-02
5.10909e+00 4.04100e-02
5.10406e+00 4.04600e-02
5.09904e+00 4.05000e-02
5.09403e+00 4.05400e-02
5.08903e+00 4.05900e-02
5.08404e+00 4.06500e-02
5.07907e+00 4.07300e-02
5.07410e+00 4.08000e-02
5.06914e+00 4.08200e-02
5.06419e+00 4.08300e-02
5.05924e+00 4.08700e-02
5.05431e+00 4.09400e-02
5.04939e+00 4.10100e-02
5.04448e+00 4.10400e-02
5.03958e+00 4.10700e-02
5.03469e+00 4.11300e-02
5.02980e+00 4.11800e-02
5.02493e+00 4.12100e-02
5.02006e+00 4.12600e-02
5.01521e+00 4.13000e-02
5.01036e+00 4.13000e-02
5.00553e+00 4.12800e-02
5.00070e+00 4.12900e-02
4.99588e+00 4.13100e-02
4.99107e+00 4.13300e-02
4.98627e+00 4.13700e-02
4.98148e+00 4.14300e-02
4.97670e+00 4.14600e-02
4.97193e+00 4.14800e-02
4.96717e+00 4.15100e-02
4.96242e+00 4.15900e-02
4.95767e+00 4.16600e-02
4.95294e+00 4.17100e-02
4.94821e+00 4.17500e-02
4.94349e+00 4.17900e-02
4.93879e+00 4.18300e-02
4.93409e+00 4.18900e-02
4.92940e+00 4.19500e-02
4.92472e+00 4.19900e-02
4.92004e+00 4.20300e-02
4.91538e+00 4.21100e-02
4.91073e+00 4.22100e-02
4.90608e+00 4.22900e-02
4.90144e+00 4.23800e-02
4.89681e+00 4.24600e-02
4.89219e+00 4.25300e-02
4.88758e+00 4.26100e-02
4.88298e+00 4.27000e-02
4.87839e+00 4.27700e-02
4.87380e+00 4.28400e-02
4.86923e+00 4.29200e-02
4.86466e+00 4.29700e-02
4.86010e+00 4.30300e-02
4.85555e+00 4.30900e-02
4.85101e+00 4.31600e-02
4.84647e+00 4.32600e-02
4.84195e+00 4.33400e-02
4.83743e+00 4.34000e-02
4.83292e+00 4.34400e-02
4.82842e+00 4.34600e-02
4.82393e+00 4.34800e-02
4.81945e+00 4.35500e-02
4.81497e+00 4.36100e-02
4.81051e+00 4.36600e-02
4.80605e+00 4.36900e-02
4.80160e+00 4.37300e-02
4.79716e+00 4.37600e-02
4.79272e+00 4.37600e-02
4.78830e+00 4.37600e-02
4.78388e+00 4.37800e-02
4.77947e+00 4.38000e-02
4.77507e+00 4.38000e-02
4.77068e+00 4.38300e-02
4.76629e+00 4.38500e-02
4.76192e+00 4.38600e-02
4.75755e+00 4.38400e-02
4.75319e+00 4.38300e-02
4.74883e+00 4.38200e-02
4.74449e+00 4.38300e-02
4.74015e+00 4.38300e-02
4.73582e+00 4.38500e-02
4.73150e+00 4.38800e-02
4.72719e+00 4.39000e-02
4.72288e+00 4.39200e-02
4.71859e+00 4.39400e-02
4.71430e+00 4.39700e-02
4.71001e+00 4.40000e-02
4.70574e+00 4.40400e-02
4.70147e+00 4.40900e-02
4.69722e+00 4.41100e-02
4.69296e+00 4.41000e-02
4.68872e+00 4.41100e-02
4.68449e+00 4.41400e-02
4.68026e+00 4.41700e-02
4.67604e+00 4.42000e-02
4.67183e+00 4.42400e-02
4.66762e+00 4.42500e-02
4.66342e+00 4.42400e-02
4.65923e+00 4.42600e-02
4.65505e+00 4.43200e-02
4.65088e+00 4.43900e-02
4.64671e+00 4.44400e-02
4.64255e+00 4.44400e-02
4.63840e+00 4.44200e-02
4.63425e+00 4.44000e-02
4.63011e+00 4.44200e-02
4.62598e+00 4.44600e-02
4.62186e+00 4.44900e-02
4.61774e+00 4.45100e-02
4.61364e+00 4.45200e-02
4.60953e+00 4.45300e-02
4.60544e+00 4.45700e-02
4.60135e+00 4.46200e-02
4.59727e+00 4.46500e-02
4.59320e+00 4.46800e-02
4.58914e+00 4.47100e-02
4.58508e+00 4.47400e-02
4.58103e+00 4.47600e-02
4.57699e+00 4.47700e-02
4.57295e+00 4.47700e-02
4.56892e+00 4.47600e-02
4.56490e+00 4.47600e-02
4.56088e+00 4.47700e-02
4.55688e+00 4.47800e-02
4.55288e+00 4.47900e-02
4.54888e+00 4.48200e-02
4.54490e+00 4.48600e-02
4.54092e+00 4.49000e-02
4.53694e+00 4.49500e-02
4.53298e+00 4.49400e-02
4.52902e+00 4.49100e-02
4.52507e+00 4.49300e-02
4.52112e+00 4.49900e-02
4.51718e+00 4.50500e-02
4.51325e+00 4.50500e-02
4.50933e+00 4.50200e-02
4.50541e+00 4.50000e-02
4.50150e+00 4.50300e-02
4.49759e+00 4.50600e-02
4.49370e+00 4.50900e-02
4.48981e+00 4.51000e-02
4.48592e+00 4.51300e-02
4.48204e+00 4.51400e-02
4.47817e+00 4.51400e-02
4.47431e+00 4.51800e-02
4.47045e+00 4.52100e-02
4.46660e+00 4.52300e-02
4.46276e+00 4.52500e-02
4.45892e+00 4.53000e-02
4.45509e+00 4.53700e-02
4.45127e+00 4.54400e-02
4.44745e+00 4.54900e-02
4.44364e+00 4.55100e-02
4.43983e+00 4.55200e-02
4.43604e+00 4.55300e-02
4.43224e+00 4.55500e-02
4.42846e+00 4.55700e-02
4.42468e+00 4.55700e-02
4.42091e+00 4.55800e-02
4.41714e+00 4.56200e-02
4.41338e+00 4.56600e-02
4.40963e+00 4.56900e-02
4.40588e+00 4.57000e-02
4.40214e+00 4.57000e-02
4.39841e+00 4.57300e-02
4.39468e+00 4.57800e-02
4.39096e+00 4.58300e-02
4.38725e+00 4.58800e-02
4.38354e+00 4.59100e-02
4.37984e+00 4.59300e-02
4.37614e+00 4.59400e-02
4.37245e+00 4.59400e-02
4.36877e+00 4.59300e-02
4.36509e+00 4.59500e-02
4.36142e+00 4.60100e-02
4.35775e+00 4.60600e-02
4.35409e+00 4.60900e-02
4.35044e+00 4.61500e-02
4.34679e+00 4.62000e-02
4.34315e+00 4.62200e-02
4.33952e+00 4.62200e-02
4.33589e+00 4.62300e-02
4.33227e+00 4.62400e-02
4.32865e+00 4.62400e-02
4.32504e+00 4.62600e-02
4.32144e+00 4.63500e-02
4.31784e+00 4.64800e-02
4.31425e+00 4.65500e-02
4.31066e+00 4.65600e-02
4.30708e+00 4.65500e-02
4.30351e+00 4.65800e-02
4.29994e+00 4.66800e-02
4.29638e+00 4.67900e-02
4.29282e+00 4.68600e-02
4.28927e+00 4.68500e-02
4.28572e+00 4.68200e-02
4.28218e+00 4.68400e-02
4.27865e+00 4.69100e-02
4.27512e+00 4.69800e-02
4.27160e+00 4.70100e-02
4.26809e+00 4.70400e-02
4.26458e+00 4.71000e-02
4.26107e+00 4.71300e-02
4.25757e+00 4.71100e-02
4.25408e+00 4.71000e-02
4.25059e+00 4.71500e-02
4.24711e+00 4.72400e-02
4.24364e+00 4.73500e-02
4.24017e+00 4.74100e-02
4.23670e+00 4.74300e-02
4.23325e+00 4.74400e-02
4.22979e+00 4.74200e-02
4.22635e+00 4.74300e-02
4.22290e+00 4.74700e-02
4.21947e+00 4.75200e-02
4.21604e+00 4.75400e-02
4.21261e+00 4.75500e-02
4.20919e+00 4.75200e-02
4.20578e+00 4.74700e-02
4.20237e+00 4.74400e-02
4.19897e+00 4.74200e-02
4.19557e+00 4.74200e-02
4.19218e+00 4.74400e-02
4.18879e+00 4.74500e-02
4.18541e+00 4.74400e-02
4.18204e+00 4.74400e-02
4.17867e+00 4.74800e-02
4.17530e+00 4.75400e-02
4.17194e+00 4.75800e-02
4.16859e+00 4.75800e-02
4.16524e+00 4.75900e-02
4.16190e+00 4.75900e-02
4.15856e+00 4.75800e-02
4.15523e+00 4.75900e-02
4.15190e+00 4.76300e-02
4.14858e+00 4.76400e-02
4.14526e+00 4.76300e-02
4.14195e+00 4.76500e-02
4.13865e+00 4.76800e-02
4.13535e+00 4.77000e-02
4.13205e+00 4.77100e-02
4.12876e+00 4.77500e-02
4.12548e+00 4.77800e-02
4.12220e+00 4.78100e-02
4.11892e+00 4.78500e-02
4.11566e+00 4.78500e-02
4.11239e+00 4.78400e-02
4.10913e+00 4.78600e-02
4.10588e+00 4.78800e-02
4.10263e+00 4.78600e-02
4.09939e+00 4.78400e-02
4.09615e+00 4.78600e-02
4.09292e+00 4.79100e-02
4.08969e+00 4.79800e-02
4.08647e+00 4.80200e-02
4.08325e+00 4.80300e-02
4.08004e+00 4.80300e-02
4.07683e+00 4.80300e-02
4.07363e+00 4.80500e-02
4.07043e+00 4.80700e-02
4.06724e+00 4.80600e-02
4.06405e+00 4.80500e-02
4.06087e+00 4.80700e-02
4.05769e+00 4.80900e-02
4.05452e+00 4.81100e-02
4.05135e+00 4.81100e-02
4.04819e+00 4.81100e-02
4.04503e+00 4.81500e-02
4.04188e+00 4.82000e-02
4.03873e+00 4.82100e-02
4.03558e+00 4.81600e-02
4.03245e+00 4.81200e-02
4.02931e+00 4.81200e-02
4.02618e+00 4.81500e-02
4.02306e+00 4.81800e-02
4.01994e+00 4.81900e-02
4.01683e+00 4.82200e-02
4.01372e+00 4.82500e-02
4.01062e+00 4.82400e-02
4.00752e+00 4.82200e-02
4.00442e+00 4.82200e-02
4.00133e+00 4.82100e-02
3.99825e+00 4.81800e-02
3.99517e+00 4.81400e-02
3.99209e+00 4.81300e-02
3.98902e+00 4.81400e-02
3.98595e+00 4.81700e-02
3.98289e+00 4.82000e-02
3.97984e+00 4.82400e-02
3.97678e+00 4.82700e-02
3.97374e+00 4.82600e-02
3.97069e+00 4.82300e-02
3.96766e+00 4.82200e-02
3.96462e+00 4.82500e-02
3.96159e+00 4.82900e-02
3.95857e+00 4.82900e-02
3.95555e+00 4.82700e-02
3.95253e+00 4.83000e-02
3.94952e+00 4.83400e-02
3.94652e+00 4.83300e-02
3.94352e+00 4.83200e-02
3.94052e+00 4.83300e-02
3.93753e+00 4.83500e-02
3.93454e+00 4.83800e-02
3.93156e+00 4.84100e-02
3.92858e+00 4.84200e-02
3.92561e+00 4.84100e-02
3.92264e+00 4.84200e-02
3.91967e+00 4.84900e-02
3.91671e+00 4.85500e-02
3.91376e+00 4.85500e-02
3.91080e+00 4.85300e-02
3.90786e+00 4.85200e-02
3.90491e+00 4.85400e-02
3.90198e+00 4.85700e-02
3.89904e+00 4.85900e-02
3.89611e+00 4.86200e-02
3.89319e+00 4.86300e-02
3.89027e+00 4.86200e-02
3.88735e+00 4.86500e-02
3.88444e+00 4.87000e-02
3.88153e+00 4.87500e-02
3.87863e+00 4.87800e-02
3.87573e+00 4.87800e-02
3.87283e+00 4.87800e-02
3.86994e+00 4.87800e-02
3.86706e+00 4.87800e-02
3.86418e+00 4.88000e-02
3.86130e+00 4.88600e-02
3.85843e+00 4.89100e-02
3.85556e+00 4.89300e-02
3.85269e+00 4.89500e-02
3.84983e+00 4.89600e-02
3.84698e+00 4.89600e-02
3.84413e+00 4.89900e-02
3.84128e+00 4.90400e-02
3.83844e+00 4.90700e-02
3.83560e+00 4.90800e-02
3.83276e+00 4.90700e-02
3.82993e+00 4.90600e-02
3.82710e+00 4.90700e-02
3.82428e+00 4.90800e-02
3.82146e+00 4.91200e-02
3.81865e+00 4.91700e-02
3.81584e+00 4.92000e-02
3.81303e+00 4.91800e-02
3.81023e+00 4.91700e-02
3.80743e+00 4.92100e-02
3.80464e+00 4.92600e-02
3.80185e+00 4.92900e-02
3.79907e+00 4.93100e-02
3.79629e+00 4.93600e-02
3.79351e+00 4.93800e-02
3.79074e+00 4.93500e-02
3.78797e+00 4.93200e-02
3.78520e+00 4.93300e-02
3.78244e+00 4.93400e-02
3.77968e+00 4.93500e-02
3.77693e+00 4.93600e-02
3.77418e+00 4.93700e-02
3.77144e+00 4.93400e-02
3.76870e+00 4.93200e-02
3.76596e+00 4.93500e-02
3.76323e+00 4.94000e-02
3.76050e+00 4.94300e-02
3.75777e+00 4.94500e-02
3.75505e+00 4.95100e-02
3.75233e+00 4.95400e-02
3.74962e+00 4.95200e-02
3.74691e+00 4.94900e-02
3.74421e+00 4.94600e-02
3.74150e+00 4.94600e-02
3.73881e+00 4.94900e-02
3.73611e+00 4.95000e-02
3.73342e+00 4.94700e-02
3.73074e+00 4.94200e-02
3.72806e+00 4.94100e-02
3.72538e+00 4.94200e-02
3.72270e+00 4.94200e-02
3.72003e+00 4.94100e-02
3.71737e+00 4.94400e-02
3.71470e+00 4.94800e-02
3.71204e+00 4.95100e-02
3.70939e+00 4.95000e-02
3.70674e+00 4.94800e-02
3.70409e+00 4.94900e-02
3.70145e+00 4.95100e-02
3.69881e+00 4.95300e-02
3.69617e+00 4.95700e-02
3.69354e+00 4.96000e-02
3.69091e+00 4.96100e-02
3.68828e+00 4.96200e-02
3.68566e+00 4.96400e-02
3.68304e+00 4.96600e-02
3.68043e+00 4.96800e-02
3.67782e+00 4.97200e-02
3.67521e+00 4.97500e-02
3.67261e+00 4.97700e-02
3.67001e+00 4.97800e-02
3.66742e+00 4.97500e-02
3.66482e+00 4.97000e-02
3.66224e+00 4.96900e-02
3.65965e+00 4.97300e-02
3.65707e+00 4.97700e-02
3.65449e+00 4.98200e-02
3.65192e+00 4.98500e-02
3.64935e+00 4.98500e-02
3.64678e+00 4.98100e-02
3.64422e+00 4.97700e-02
3.64166e+00 4.97900e-02
3.63911e+00 4.98700e-02
3.63655e+00 4.99500e-02
3.63401e+00 4.99900e-02
3.63146e+00 5.00000e-02
3.62892e+00 5.00100e-02
3.62638e+00 5.00100e-02
3.62385e+00 5.00200e-02
3.62132e+00 5.00700e-02
3.61879e+00 5.01400e-02
3.61627e+00 5.01500e-02
3.61375e+00 5.01300e-02
3.61123e+00 5.01300e-02
3.60872e+00 5.01600e-02
3.60621e+00 5.02000e-02
3.60370e+00 5.02200e-02
3.60120e+00 5.02100e-02
3.59870e+00 5.02200e-02
3.59620e+00 5.02800e-02
3.59371e+00 5.03300e-02
3.59122e+00 5.03400e-02
3.58874e+00 5.03200e-02
3.58626e+00 5.03200e-02
3.58378e+00 5.03700e-02
3.58130e+00 5.04000e-02
3.57883e+00 5.03900e-02
3.57636e+00 5.03900e-02
3.57390e+00 5.03700e-02
3.57144e+00 5.03300e-02
3.56898e+00 5.03500e-02
3.56652e+00 5.04300e-02
3.56407e+00 5.05100e-02
3.56162e+00 5.05800e-02
3.55918e+00 5.06100e-02
3.55674e+00 5.06200e-02
3.55430e+00 5.06300e-02
3.55187e+00 5.06300e-02
3.54944e+00 5.06200e-02
3.54701e+00 5.06300e-02
3.54458e+00 5.06700e-02
3.54216e+00 5.07200e-02
3.53974e+00 5.07700e-02
3.53733e+00 5.07600e-02
3.53492e+00 5.07200e-02
3.53251e+00 5.07300e-02
3.53011e+00 5.07900e-02
3.52770e+00 5.08400e-02
3.52531e+00 5.08300e-02
3.52291e+00 5.08300e-02
3.52052e+00 5.08800e-02
3.51813e+00 5.09800e-02
3.51575e+00 5.11000e-02
3.51336e+00 5.12400e-02
3.51099e+00 5.13500e-02
3.50861e+00 5.13700e-02
3.50624e+00 5.13300e-02
3.50387e+00 5.12800e-02
3.50150e+00 5.12100e-02
3.49914e+00 5.11600e-02
3.49678e+00 5.11200e-02
3.49442e+00 5.10800e-02
3.49207e+00 5.11000e-02
3.48972e+00 5.11300e-02
3.48737e+00 5.11200e-02
3.48503e+00 5.11000e-02
3.48269e+00 5.10900e-02
3.48035e+00 5.10800e-02
3.47802e+00 5.10700e-02
3.47569e+00 5.10700e-02
3.47336e+00 5.10900e-02
3.47103e+00 5.11100e-02
3.46871e+00 5.11400e-02
3.46639e+00 5.11700e-02
3.46408e+00 5.12400e-02
3.46177e+00 5.12800e-02
3.45946e+00 5.12600e-02
3.45715e+00 5.12300e-02
3.45485e+00 5.12500e-02
3.45255e+00 5.13100e-02
3.45025e+00 5.13500e-02
3.44796e+00 5.13800e-02
3.44566e+00 5.14000e-02
3.44338e+00 5.14200e-02
3.44109e+00 5.14200e-02
3.43881e+00 5.14500e-02
3.43653e+00 5.15500e-02
3.43426e+00 5.17000e-02
3.43198e+00 5.18500e-02
3.42971e+00 5.19500e-02
3.42745e+00 5.20300e-02
3.42518e+00 5.20600e-02
3.42292e+00 5.20200e-02
3.42066e+00 5.19400e-02
3.41841e+00 5.18600e-02
3.41616e+00 5.18300e-02
3.41391e+00 5.17900e-02
3.41166e+00 5.17100e-02
3.40942e+00 5.16600e-02
3.40718e+00 5.16300e-02
3.40494e+00 5.16100e-02
3.40271e+00 5.15900e-02
3.40048e+00 5.16000e-02
3.39825e+00 5.16400e-02
3.39602e+00 5.16500e-02
3.39380e+00 5.16400e-02
3.39158e+00 5.16500e-02
3.38936e+00 5.16800e-02
3.38715e+00 5.17000e-02
3.38494e+00 5.17100e-02
3.38273e+00 5.17300e-02
3.38053e+00 5.17400e-02
3.37832e+00 5.17000e-02
3.37612e+00 5.16300e-02
3.37393e+00 5.15400e-02
3.37173e+00 5.14700e-02
3.36954e+00 5.14500e-02
3.36735e+00 5.14700e-02
3.36517e+00 5.14600e-02
3.36299e+00 5.14400e-02
3.36081e+00 5.14400e-02
3.35863e+00 5.14300e-02
3.35646e+00 5.14000e-02
3.35429e+00 5.13700e-02
3.35212e+00 5.13500e-02
3.34995e+00 5.13300e-02
3.34779e+00 5.13300e-02
3.34563e+00 5.13500e-02
3.34347e+00 5.13600e-02
3.34132e+00 5.13200e-02
3.33917e+00 5.13000e-02
3.33702e+00 5.13200e-02
3.33487e+00 5.13500e-02
3.33273e+00 5.13400e-02
3.33059e+00 5.13400e-02
3.32845e+00 5.13400e-02
3.32632e+00 5.13300e-02
3.32418e+00 5.13400e-02
3.32205e+00 5.13800e-02
3.31993e+00 5.14100e-02
3.31780e+00 5.13700e-02
3.31568e+00 5.13500e-02
3.31356e+00 5.13500e-02
3.31145e+00 5.13400e-02
3.30933e+00 5.13400e-02
3.30722e+00 5.13700e-02
3.30512e+00 5.13900e-02
3.30301e+00 5.14000e-02
3.30091e+00 5.14400e-02
3.29881e+00 5.14700e-02
3.29671e+00 5.14700e-02
3.29462e+00 5.14400e-02
3.29252e+00 5.14000e-02
3.29044e+00 5.13900e-02
3.28835e+00 5.14000e-02
3.28626e+00 5.14200e-02
3.28418e+00 5.14700e-02
3.28210e+00 5.15100e-02
3.28003e+00 5.15200e-02
3.27796e+00 5.15200e-02
3.27588e+00 5.15300e-02
3.27382e+00 5.15300e-02
3.27175e+00 5.15400e-02
3.26969e+00 5.15700e-02
3.26763e+00 5.15900e-02
3.26557e+00 5.16000e-02
3.26352e+00 5.16600e-02
3.26146e+00 5.17100e-02
3.25941e+00 5.17000e-02
3.25737e+00 5.16600e-02
3.25532e+00 5.16800e-02
3.25328e+00 5.17300e-02
3.25124e+00 5.17700e-02
3.24920e+00 5.17900e-02
3.24717e+00 5.17700e-02
3.24514e+00 5.17400e-02
3.24311e+00 5.17300e-02
3.24108e+00 5.17600e-02
3.23905e+00 5.17800e-02
3.23703e+00 5.17700e-02
3.23501e+00 5.17900e-02
3.23300e+00 5.18400e-02
3.23098e+00 5.18700e-02
3.22897e+00 5.19000e-02
3.22696e+00 5.19400e-02
3.22495e+00 5.19900e-02
3.22295e+00 5.20400e-02
3.22095e+00 5.20400e-02
3.21895e+00 5.19900e-02
3.21695e+00 5.19700e-02
3.21496e+00 5.19700e-02
3.21297e+00 5.19600e-02
3.21098e+00 5.20000e-02
3.20899e+00 5.20600e-02
3.20700e+00 5.20900e-02
3.20502e+00 5.21000e-02
3.20304e+00 5.21100e-02
3.20107e+00 5.21100e-02
3.19909e+00 5.21000e-02
3.19712e+00 5.20700e-02
3.19515e+00 5.20500e-02
3.19318e+00 5.20500e-02
3.19122e+00 5.20600e-02
3.18925e+00 5.20800e-02
3.18729e+00 5.21500e-02
3.18534e+00 5.22200e-02
3.18338e+00 5.22400e-02
3.18143e+00 5.22300e-02
3.17948e+00 5.22100e-02
3.17753e+00 5.22100e-02
3.17558e+00 5.22500e-02
3.17364e+00 5.23200e-02
3.17170e+00 5.23400e-02
3.16976e+00 5.22700e-02
3.16782e+00 5.21900e-02
3.16589e+00 5.21700e-02
3.16396e+00 5.21900e-02
3.16203e+00 5.22000e-02
3.16010e+00 5.22400e-02
3.15818e+00 5.23000e-02
3.15625e+00 5.23300e-02
3.15433e+00 5.23300e-02
3.15242e+00 5.23000e-02
3.15050e+00 5.23100e-02
3.14859e+00 5.23600e-02
3.14668e+00 5.23900e-02
3.14477e+00 5.23700e-02
3.14286e+00 5.23500e-02
3.14096e+00 5.23600e-02
3.13906e+00 5.23700e-02
3.13716e+00 5.23700e-02
3.13526e+00 5.24000e-02
3.13337e+00 5.24100e-02
3.13148e+00 5.24100e-02
3.12959e+00 5.24100e-02
3.12770e+00 5.24200e-02
3.12581e+00 5.24400e-02
3.12393e+00 5.24600e-02
3.12205e+00 5.24600e-02
3.12017e+00 5.23900e-02
3.11830e+00 5.23200e-02
3.11642e+00 5.23200e-02
3.11455e+00 5.23500e-02
3.11268e+00 5.23500e-02
3.11081e+00 5.23800e-02
3.10895e+00 5.24600e-02
3.10709e+00 5.25000e-02
3.10523e+00 5.24700e-02
3.10337e+00 5.24400e-02
3.10151e+00 5.24400e-02
3.09966e+00 5.24200e-02
3.09781e+00 5.24200e-02
3.09596e+00 5.24700e-02
3.09411e+00 5.25400e-02
3.09226e+00 5.25700e-02
3.09042e+00 5.25500e-02
3.08858e+00 5.25100e-02
3.08674e+00 5.24800e-02
3.08491e+00 5.24700e-02
3.08307e+00 5.25100e-02
3.08124e+00 5.25400e-02
3.07941e+00 5.25400e-02
3.07758e+00 5.25300e-02
3.07576e+00 5.25600e-02
3.07393e+00 5.26100e-02
3.07211e+00 5.26500e-02
3.07029e+00 5.26600e-02
3.06848e+00 5.26500e-02
3.06666e+00 5.26500e-02
3.06485e+00 5.26600e-02
3.06304e+00 5.26700e-02
3.06123e+00 5.27000e-02
3.05943e+00 5.27100e-02
3.05762e+00 5.26900e-02
3.05582e+00 5.26800e-02
3.05402e+00 5.27200e-02
3.05222e+00 5.27400e-02
3.05043e+00 5.27000e-02
3.04863e+00 5.26700e-02
3.04684e+00 5.27000e-02
3.04505e+00 5.27600e-02
3.04327e+00 5.27800e-02
3.04148e+00 5.27700e-02
3.03970e+00 5.27800e-02
3.03792e+00 5.27800e-02
3.03614e+00 5.27800e-02
3.03436e+00 5.27900e-02
3.03259e+00 5.28000e-02
3.03082e+00 5.27800e-02
3.02905e+00 5.27700e-02
3.02728e+00 5.27900e-02
3.02551e+00 5.28100e-02
3.02375e+00 5.27600e-02
3.02198e+00 5.26900e-02
3.02022e+00 5.27200e-02
3.01847e+00 5.27700e-02
3.01671e+00 5.27700e-02
3.01496e+00 5.27700e-02
3.01320e+00 5.28000e-02
3.01146e+00 5.28300e-02
3.00971e+00 5.28700e-02
3.00796e+00 5.28900e-02
3.00622e+00 5.28900e-02
3.00448e+00 5.28600e-02
3.00274e+00 5.28200e-02
3.00100e+00 5.28300e-02
2.99926e+00 5.28600e-02
2.99753e+00 5.28800e-02
2.99580e+00 5.28500e-02
2.99407e+00 5.28100e-02
2.99234e+00 5.28200e-02
2.99061e+00 5.28500e-02
2.98889e+00 5.28900e-02
2.98717e+00 5.29300e-02
2.98545e+00 5.29300e-02
2.98373e+00 5.29300e-02
2.98202e+00 5.29400e-02
2.98030e+00 5.29500e-02
2.97859e+00 5.29400e-02
2.97688e+00 5.29100e-02
2.97517e+00 5.28900e-02
2.97347e+00 5.29000e-02
2.97176e+00 5.29300e-02
2.97006e+00 5.29500e-02
2.96836e+00 5.29200e-02
2.96666e+00 5.29300e-02
2.96497e+00 5.30000e-02
2.96327e+00 5.30300e-02
2.96158e+00 5.29700e-02
2.95989e+00 5.29200e-02
2.95820e+00 5.29600e-02
2.95651e+00 5.30000e-02
2.95483e+00 5.29900e-02
2.95315e+00 5.29800e-02
2.95147e+00 5.30500e-02
2.94979e+00 5.31100e-02
2.94811e+00 5.30600e-02
2.94644e+00 5.29900e-02
2.94476e+00 5.30000e-02
2.94309e+00 5.30500e-02
2.94142e+00 5.30600e-02
2.93975e+00 5.30800e-02
2.93809e+00 5.31200e-02
2.93642e+00 5.31000e-02
2.93476e+00 5.30200e-02
2.93310e+00 5.29900e-02
2.93144e+00 5.30300e-02
2.92979e+00 5.30600e-02
2.92813e+00 5.30700e-02
2.92648e+00 5.30900e-02
2.92483e+00 5.31100e-02
2.92318e+00 5.30900e-02
2.92154e+00 5.30100e-02
2.91989e+00 5.29900e-02
2.91825e+00 5.30400e-02
2.91661e+00 5.30900e-02
2.91497e+00 5.31400e-02
2.91333e+00 5.31500e-02
2.91169e+00 5.31300e-02
2.91006e+00 5.31100e-02
2.90843e+00 5.31300e-02
2.90680e+00 5.31500e-02
2.90517e+00 5.31000e-02
2.90354e+00 5.30300e-02
2.90192e+00 5.30100e-02
2.90029e+00 5.30300e-02
2.89867e+00 5.30200e-02
2.89705e+00 5.30200e-02
2.89544e+00 5.30800e-02
2.89382e+00 5.31400e-02
2.89221e+00 5.31700e-02
2.89059e+00 5.31700e-02
2.88898e+00 5.31300e-02
2.88738e+00 5.30800e-02
2.88577e+00 5.30400e-02
2.88416e+00 5.30600e-02
2.88256e+00 5.31200e-02
2.88096e+00 5.31500e-02
2.87936e+00 5.31900e-02
2.87776e+00 5.32700e-02
2.87617e+00 5.32800e-02
2.87457e+00 5.32300e-02
2.87298e+00 5.31700e-02
2.87139e+00 5.31700e-02
2.86980e+00 5.32000e-02
2.86821e+00 5.32400e-02
2.86663e+00 5.32400e-02
2.86504e+00 5.31900e-02
2.86346e+00 5.31700e-02
2.86188e+00 5.31800e-02
2.86030e+00 5.31700e-02
2.85872e+00 5.31100e-02
2.85715e+00 5.30800e-02
2.85558e+00 5.31000e-02
2.85400e+00 5.31400e-02
2.85243e+00 5.32100e-02
2.85087e+00 5.32600e-02
2.84930e+00 5.32700e-02
2.84774e+00 5.32100e-02
2.84617e+00 5.31200e-02
2.84461e+00 5.31000e-02
2.84305e+00 5.31300e-02
2.84149e+00 5.31300e-02
2.83994e+00 5.31400e-02
2.83838e+00 5.31900e-02
2.83683e+00 5.32200e-02
2.83528e+00 5.32000e-02
2.83373e+00 5.32100e-02
2.83218e+00 5.32300e-02
2.83064e+00 5.32400e-02
2.82909e+00 5.32400e-02
2.82755e+00 5.32000e-02
2.82601e+00 5.31800e-02
2.82447e+00 5.31900e-02
2.82293e+00 5.32100e-02
2.82140e+00 5.31800e-02
2.81986e+00 5.31400e-02
2.81833e+00 5.31600e-02
2.81680e+00 5.31900e-02
2.81527e+00 5.32100e-02
2.81374e+00 5.32500e-02
2.81222e+00 5.32500e-02
2.81069e+00 5.31900e-02
2.80917e+00 5.31500e-02
2.80765e+00 5.31900e-02
2.80613e+00 5.32400e-02
2.80461e+00 5.32500e-02
2.80310e+00 5.32200e-02
2.80158e+00 5.31900e-02
2.80007e+00 5.31900e-02
2.79856e+00 5.31700e-02
2.79705e+00 5.31400e-02
2.79554e+00 5.31900e-02
2.79403e+00 5.33000e-02
2.79253e+00 5.33600e-02
2.79103e+00 5.33400e-02
2.78952e+00 5.33100e-02
2.78802e+00 5.32800e-02
2.78653e+00 5.32600e-02
2.78503e+00 5.32800e-02
2.78354e+00 5.32800e-02
2.78204e+00 5.32500e-02
2.78055e+00 5.32300e-02
2.77906e+00 5.32100e-02
2.77757e+00 5.31800e-02
2.77608e+00 5.31900e-02
2.77460e+00 5.32600e-02
2.77312e+00 5.33400e-02
2.77163e+00 5.33700e-02
2.77015e+00 5.33600e-02
2.76867e+00 5.33900e-02
2.76720e+00 5.33700e-02
2.76572e+00 5.33000e-02
2.76425e+00 5.32800e-02
2.76277e+00 5.32900e-02
2.76130e+00 5.32900e-02
2.75983e+00 5.33400e-02
2.75836e+00 5.34400e-02
2.75690e+00 5.34900e-02
2.75543e+00 5.34000e-02
2.75397e+00 5.32900e-02
2.75251e+00 5.32500e-02
2.75105e+00 5.32700e-02
2.74959e+00 5.33000e-02
2.74813e+00 5.33200e-02
2.74668e+00 5.33100e-02
2.74522e+00 5.33200e-02
2.74377e+00 5.33400e-02
2.74232e+00 5.33700e-02
2.74087e+00 5.33800e-02
2.73942e+00 5.33600e-02
2.73798e+00 5.33400e-02
2.73653e+00 5.33300e-02
2.73509e+00 5.33000e-02
2.73365e+00 5.32700e-02
2.73221e+00 5.32900e-02
2.73077e+00 5.33300e-02
2.72933e+00 5.33500e-02
2.72789e+00 5.33600e-02
2.72646e+00 5.33600e-02
2.72503e+00 5.33600e-02
2.72360e+00 5.34300e-02
2.72217e+00 5.35400e-02
2.72074e+00 5.35300e-02
2.71931e+00 5.34200e-02
2.71789e+00 5.33800e-02
2.71646e+00 5.34000e-02
2.71504e+00 5.34100e-02
2.71362e+00 5.34300e-02
2.71220e+00 5.34500e-02
2.71078e+00 5.34400e-02
2.70937e+00 5.33900e-02
2.70795e+00 5.33500e-02
2.70654e+00 5.33600e-02
2.70513e+00 5.33900e-02
2.70372e+00 5.34100e-02
2.70231e+00 5.34100e-02
2.70090e+00 5.34100e-02
2.69949e+00 5.33900e-02
2.69809e+00 5.33900e-02
2.69669e+00 5.34500e-02
2.69528e+00 5.35300e-02
2.69388e+00 5.35400e-02
2.69248e+00 5.35100e-02
2.69109e+00 5.35400e-02
2.68969e+00 5.35700e-02
2.68830e+00 5.36000e-02
2.68690e+00 5.36500e-02
2.68551e+00 5.36700e-02
2.68412e+00 5.36500e-02
2.68273e+00 5.36500e-02
2.68135e+00 5.36700e-02
2.67996e+00 5.36900e-02
2.67858e+00 5.36800e-02
2.67719e+00 5.36200e-02
2.67581e+00 5.35400e-02
2.67443e+00 5.35100e-02
2.67305e+00 5.35800e-02
2.67168e+00 5.37000e-02
2.67030e+00 5.37100e-02
2.66893e+00 5.36100e-02
2.66755e+00 5.35800e-02
2.66618e+00 5.35600e-02
2.66481e+00 5.35300e-02
2.66344e+00 5.35300e-02
2.66208e+00 5.35400e-02
2.66071e+00 5.35500e-02
2.65935e+00 5.35900e-02
2.65798e+00 5.36400e-02
2.65662e+00 5.36300e-02
2.65526e+00 5.35900e-02
2.65390e+00 5.36000e-02
2.65255e+00 5.36400e-02
2.65119e+00 5.36400e-02
2.64983e+00 5.36500e-02
2.64848e+00 5.36800e-02
2.64713e+00 5.37300e-02
2.64578e+00 5.37300e-02
2.64443e+00 5.37000e-02
2.64308e+00 5.36900e-02
2.64173e+00 5.36800e-02
2.64039e+00 5.36300e-02
2.63905e+00 5.36100e-02
2.63770e+00 5.36600e-02
2.63636e+00 5.37500e-02
2.63502e+00 5.38000e-02
2.63369e+00 5.37700e-02
2.63235e+00 5.37400e-02
2.63101e+00 5.37700e-02
2.62968e+00 5.38400e-02
2.62835e+00 5.38300e-02
2.62701e+00 5.37300e-02
2.62568e+00 5.36500e-02
2.62436e+00 5.36600e-02
2.62303e+00 5.36900e-02
2.62170e+00 5.36700e-02
2.62038e+00 5.36700e-02
2.61905e+00 5.37400e-02
2.61773e+00 5.38200e-02
2.61641e+00 5.37900e-02
2.61509e+00 5.37300e-02
2.61377e+00 5.37300e-02
2.61246e+00 5.37700e-02
2.61114e+00 5.38300e-02
2.60983e+00 5.39000e-02
2.60851e+00 5.39200e-02
2.60720e+00 5.38700e-02
2.60589e+00 5.38300e-02
2.60458e+00 5.38200e-02
2.60328e+00 5.37700e-02
2.60197e+00 5.37200e-02
2.60066e+00 5.37400e-02
2.59936e+00 5.37900e-02
2.59806e+00 5.38300e-02
2.59676e+00 5.39200e-02
2.59546e+00 5.40100e-02
2.59416e+00 5.39500e-02
2.59286e+00 5.38700e-02
2.59157e+00 5.38600e-02
2.59027e+00 5.38500e-02
2.58898e+00 5.38100e-02
2.58769e+00 5.37200e-02
2.58640e+00 5.36800e-02
2.58511e+00 5.37300e-02
2.58382e+00 5.38000e-02
2.58253e+00 5.38900e-02
2.58125e+00 5.39600e-02
2.57996e+00 5.39900e-02
2.57868e+00 5.40200e-02
2.57740e+00 5.40200e-02
2.57612e+00 5.39600e-02
2.57484e+00 5.39200e-02
2.57356e+00 5.39200e-02
2.57228e+00 5.39200e-02
2.57101e+00 5.39500e-02
2.56974e+00 5.39700e-02
2.56846e+00 5.39500e-02
2.56719e+00 5.39700e-02
2.56592e+00 5.40400e-02
2.56465e+00 5.41000e-02
2.56338e+00 5.41500e-02
2.56212e+00 5.41000e-02
2.56085e+00 5.39800e-02
2.55959e+00 5.39100e-02
2.55833e+00 5.39200e-02
2.55706e+00 5.39700e-02
2.55580e+00 5.40400e-02
2.55454e+00 5.41300e-02
2.55329e+00 5.41500e-02
2.55203e+00 5.40500e-02
2.55078e+00 5.39900e-02
2.54952e+00 5.40300e-02
2.54827e+00 5.41000e-02
2.54702e+00 5.41500e-02
2.54577e+00 5.41500e-02
2.54452e+00 5.40600e-02
2.54327e+00 5.39700e-02
2.54202e+00 5.39700e-02
2.54078e+00 5.40000e-02
2.53953e+00 5.40400e-02
2.53829e+00 5.40900e-02
2.53705e+00 5.41000e-02
2.53581e+00 5.41000e-02
2.53457e+00 5.41300e-02
2.53333e+00 5.41500e-02
2.53209e+00 5.41100e-02
2.53086e+00 5.40400e-02
2.52962e+00 5.40200e-02
2.52839e+00 5.40600e-02
2.52716e+00 5.40900e-02
2.52593e+00 5.40800e-02
2.52470e+00 5.40800e-02
2.52347e+00 5.41100e-02
2.52224e+00 5.41300e-02
2.52101e+00 5.41200e-02
2.51979e+00 5.41200e-02
2.51857e+00 5.41700e-02
2.51734e+00 5.42300e-02
2.51612e+00 5.42500e-02
2.51490e+00 5.42300e-02
2.51368e+00 5.42200e-02
2.51246e+00 5.42300e-02
2.51125e+00 5.42200e-02
2.51003e+00 5.41700e-02
2.50882e+00 5.41500e-02
2.50760e+00 5.42000e-02
2.50639e+00 5.42500e-02
2.50518e+00 5.42100e-02
2.50397e+00 5.41100e-02
2.50276e+00 5.40900e-02
2.50156e+00 5.41500e-02
