3.020000e-01 4.948000e-02
3.040000e-01 4.961000e-02
3.060000e-01 4.973000e-02
3.080000e-01 4.986000e-02
3.100000e-01 4.998000e-02
3.120000e-01 5.011000e-02
3.140000e-01 5.023000e-02
3.160000e-01 5.036000e-02
3.180000e-01 5.048000e-02
3.200000e-01 5.061000e-02
3.220000e-01 5.073000e-02
3.240000e-01 5.086000e-02
3.260000e-01 5.098000e-02
3.280000e-01 5.111000e-02
3.300000e-01 5.123000e-02
3.320000e-01 5.136000e-02
3.340000e-01 5.148000e-02
3.360000e-01 5.161000e-02
3.380000e-01 5.173000e-02
3.400000e-01 5.186000e-02
3.420000e-01 5.198000e-02
3.440000e-01 5.211000e-02
3.460000e-01 5.223000e-02
3.480000e-01 5.236000e-02
3.500000e-01 5.248000e-02
3.520000e-01 5.261000e-02
3.540000e-01 5.273000e-02
3.560000e-01 5.286000e-02
3.580000e-01 5.298000e-02
3.600000e-01 5.311000e-02
3.620000e-01 5.323000e-02
3.640000e-01 5.336000e-02
3.660000e-01 5.348000e-02
3.680000e-01 5.361000e-02
3.700000e-01 5.373000e-02
3.720000e-01 5.386000e-02
3.740000e-01 5.398000e-02
3.760000e-01 5.411000e-02
3.780000e-01 5.423000e-02
3.800000e-01 5.436000e-02
3.820000e-01 5.448000e-02
3.840000e-01 5.461000e-02
3.860000e-01 5.473000e-02
3.880000e-01 5.486000e-02
3.900000e-01 5.498000e-02
3.920000e-01 5.511000e-02
3.940000e-01 5.523000e-02
3.960000e-01 5.536000e-02
3.980000e-01 5.548000e-02
4.000000e-01 5.561000e-02
4.020000e-01 5.573000e-02
4.040000e-01 5.585000e-02
4.060000e-01 5.598000e-02
4.080000e-01 5.609000e-02
4.100000e-01 5.621000e-02
4.120000e-01 5.634000e-02
4.140000e-01 5.645000e-02
4.160000e-01 5.658000e-02
4.180000e-01 5.669000e-02
4.200000e-01 5.682000e-02
4.220000e-01 5.694000e-02
4.240000e-01 5.706000e-02
4.260000e-01 5.718000e-02
4.280000e-01 5.729000e-02
4.300000e-01 5.742000e-02
4.320000e-01 5.754000e-02
4.340000e-01 5.766000e-02
4.360000e-01 5.778000e-02
4.380000e-01 5.790000e-02
4.400000e-01 5.802000e-02
4.420000e-01 5.814000e-02
4.440000e-01 5.826000e-02
4.460000e-01 5.838000e-02
4.480000e-01 5.850000e-02
4.500000e-01 5.862000e-02
4.520000e-01 5.874000e-02
4.540000e-01 5.886000e-02
4.560000e-01 5.899000e-02
4.580000e-01 5.911000e-02
4.600000e-01 5.923000e-02
4.620000e-01 5.935000e-02
4.640000e-01 5.947000e-02
4.660000e-01 5.959000e-02
4.680000e-01 5.971000e-02
4.700000e-01 5.983000e-02
4.720000e-01 5.995000e-02
4.740000e-01 6.008000e-02
4.760000e-01 6.019000e-02
4.780000e-01 6.032000e-02
4.800000e-01 6.044000e-02
4.820000e-01 6.056000e-02
4.840000e-01 6.068000e-02
4.860000e-01 6.090000e-02
4.880000e-01 6.129000e-02
4.900000e-01 6.182000e-02
4.920000e-01 6.249000e-02
4.940000e-01 6.331000e-02
4.960000e-01 6.412000e-02
4.980000e-01 6.442000e-02
5.000000e-01 6.520000e-02
5.020000e-01 6.627000e-02
5.040000e-01 6.638000e-02
5.060000e-01 6.747000e-02
5.080000e-01 6.856000e-02
5.100000e-01 6.950000e-02
5.120000e-01 7.160000e-02
5.140000e-01 7.458000e-02
5.160000e-01 7.735000e-02
5.180000e-01 8.063000e-02
5.200000e-01 8.385000e-02
5.220000e-01 8.697000e-02
5.240000e-01 9.125000e-02
5.260000e-01 9.509000e-02
5.280000e-01 9.901000e-02
5.300000e-01 1.018100e-01
5.320000e-01 1.037300e-01
5.340000e-01 1.050400e-01
5.360000e-01 1.062100e-01
5.380000e-01 1.070600e-01
5.400000e-01 1.068800e-01
5.420000e-01 1.070300e-01
5.440000e-01 1.084000e-01
5.460000e-01 1.091900e-01
5.480000e-01 1.092800e-01
5.500000e-01 1.093600e-01
5.520000e-01 1.089800e-01
5.540000e-01 1.078800e-01
5.560000e-01 1.065300e-01
5.580000e-01 1.044400e-01
5.600000e-01 1.017200e-01
5.620000e-01 9.937000e-02
5.640000e-01 9.687000e-02
5.660000e-01 9.380000e-02
5.680000e-01 9.119000e-02
5.700000e-01 8.846000e-02
5.720000e-01 8.550000e-02
5.740000e-01 8.324000e-02
5.760000e-01 8.131000e-02
5.780000e-01 7.902000e-02
5.800000e-01 7.775000e-02
5.820000e-01 7.653000e-02
5.840000e-01 7.515000e-02
5.860000e-01 7.478000e-02
5.880000e-01 7.452000e-02
5.900000e-01 7.366000e-02
5.920000e-01 7.320000e-02
5.940000e-01 7.295000e-02
5.960000e-01 7.239000e-02
5.980000e-01 7.164000e-02
6.000000e-01 7.106000e-02
6.020000e-01 7.025000e-02
6.040000e-01 6.900000e-02
6.060000e-01 6.756000e-02
6.080000e-01 6.635000e-02
6.100000e-01 6.523000e-02
6.120000e-01 6.323000e-02
6.140000e-01 6.203000e-02
6.160000e-01 6.173000e-02
6.180000e-01 6.138000e-02
6.200000e-01 6.103000e-02
6.220000e-01 6.106000e-02
6.240000e-01 6.098000e-02
6.260000e-01 6.081000e-02
6.280000e-01 6.016000e-02
6.300000e-01 5.916000e-02
6.320000e-01 5.832000e-02
6.340000e-01 5.773000e-02
6.360000e-01 5.665000e-02
6.380000e-01 5.575000e-02
6.400000e-01 5.485000e-02
6.420000e-01 5.365000e-02
6.440000e-01 5.270000e-02
6.460000e-01 5.215000e-02
6.480000e-01 5.174000e-02
6.500000e-01 5.155000e-02
6.520000e-01 5.136000e-02
6.540000e-01 5.057000e-02
6.560000e-01 4.983000e-02
6.580000e-01 4.930000e-02
6.600000e-01 4.895000e-02
6.620000e-01 4.856000e-02
6.640000e-01 4.791000e-02
6.660000e-01 4.757000e-02
6.680000e-01 4.753000e-02
6.700000e-01 4.782000e-02
6.720000e-01 4.812000e-02
6.740000e-01 4.822000e-02
6.760000e-01 4.872000e-02
6.780000e-01 4.936000e-02
6.800000e-01 5.006000e-02
6.820000e-01 5.107000e-02
6.840000e-01 5.177000e-02
6.860000e-01 5.294000e-02
6.880000e-01 5.592000e-02
6.900000e-01 5.989000e-02
6.920000e-01 6.614000e-02
6.940000e-01 7.630000e-02
6.960000e-01 8.813000e-02
6.980000e-01 9.950000e-02
7.000000e-01 1.131000e-01
7.020000e-01 1.287700e-01
7.040000e-01 1.451100e-01
7.060000e-01 1.623000e-01
7.080000e-01 1.808200e-01
7.100000e-01 1.991700e-01
7.120000e-01 2.181500e-01
7.140000e-01 2.384200e-01
7.160000e-01 2.585000e-01
7.180000e-01 2.791300e-01
7.200000e-01 3.012300e-01
7.220000e-01 3.212400e-01
7.240000e-01 3.398100e-01
7.260000e-01 3.606800e-01
7.280000e-01 3.783200e-01
7.300000e-01 3.939500e-01
7.320000e-01 4.108500e-01
7.340000e-01 4.261100e-01
7.360000e-01 4.394000e-01
7.380000e-01 4.517900e-01
7.400000e-01 4.632800e-01
7.420000e-01 4.725400e-01
7.440000e-01 4.816300e-01
7.460000e-01 4.898700e-01
7.480000e-01 4.960600e-01
7.500000e-01 5.018400e-01
7.520000e-01 5.067100e-01
7.540000e-01 5.105600e-01
7.560000e-01 5.138400e-01
7.580000e-01 5.166800e-01
7.600000e-01 5.188900e-01
7.620000e-01 5.206700e-01
7.640000e-01 5.224500e-01
7.660000e-01 5.239800e-01
7.680000e-01 5.255300e-01
7.700000e-01 5.276300e-01
7.720000e-01 5.294200e-01
7.740000e-01 5.303200e-01
7.760000e-01 5.305700e-01
7.780000e-01 5.305700e-01
7.800000e-01 5.314700e-01
7.820000e-01 5.330300e-01
7.840000e-01 5.347800e-01
7.860000e-01 5.359500e-01
7.880000e-01 5.369900e-01
7.900000e-01 5.380400e-01
7.920000e-01 5.380900e-01
7.940000e-01 5.374600e-01
7.960000e-01 5.370200e-01
7.980000e-01 5.378400e-01
8.000000e-01 5.390000e-01
8.200000e-01 5.450300e-01
8.400000e-01 5.475200e-01
8.600000e-01 5.514600e-01
8.800000e-01 5.539500e-01
9.000000e-01 5.538600e-01
9.200000e-01 5.539300e-01
9.400000e-01 5.477200e-01
9.600000e-01 5.313900e-01
9.800000e-01 5.318800e-01
1.000000e+00 5.385800e-01
1.020000e+00 5.477400e-01
1.040000e+00 5.574200e-01
1.060000e+00 5.689100e-01
1.080000e+00 5.673900e-01
1.100000e+00 5.647200e-01
1.120000e+00 5.513400e-01
1.140000e+00 5.140900e-01
1.160000e+00 4.953500e-01
1.180000e+00 4.893500e-01
1.200000e+00 4.956000e-01
1.220000e+00 5.010100e-01
1.240000e+00 5.080300e-01
1.260000e+00 5.104600e-01
1.280000e+00 5.040400e-01
1.300000e+00 4.871400e-01
1.320000e+00 4.521000e-01
1.340000e+00 4.174600e-01
1.360000e+00 3.776700e-01
1.380000e+00 2.816400e-01
1.400000e+00 1.831000e-01
1.420000e+00 1.483800e-01
1.440000e+00 1.432400e-01
1.460000e+00 1.503000e-01
1.480000e+00 1.680500e-01
1.500000e+00 1.915100e-01
1.520000e+00 2.173800e-01
1.540000e+00 2.415400e-01
1.560000e+00 2.635200e-01
1.580000e+00 2.784300e-01
1.600000e+00 2.959100e-01
1.620000e+00 3.070600e-01
1.640000e+00 3.137500e-01
1.660000e+00 3.207100e-01
1.680000e+00 3.251700e-01
1.700000e+00 3.219000e-01
1.720000e+00 3.125700e-01
1.740000e+00 3.099800e-01
1.760000e+00 2.980900e-01
1.780000e+00 2.980300e-01
1.800000e+00 2.835600e-01
1.820000e+00 2.480900e-01
1.840000e+00 1.622900e-01
1.860000e+00 7.930000e-02
1.880000e+00 5.385000e-02
1.900000e+00 5.142000e-02
1.920000e+00 5.548000e-02
1.940000e+00 6.405000e-02
1.960000e+00 7.412000e-02
1.980000e+00 8.794000e-02
2.000000e+00 9.911000e-02
2.020000e+00 1.106400e-01
2.040000e+00 1.191600e-01
2.060000e+00 1.283700e-01
2.080000e+00 1.364100e-01
2.100000e+00 1.445800e-01
2.120000e+00 1.493700e-01
2.140000e+00 1.551800e-01
2.160000e+00 1.629400e-01
2.180000e+00 1.686100e-01
2.200000e+00 1.701400e-01
2.220000e+00 1.647900e-01
2.240000e+00 1.587700e-01
2.260000e+00 1.592100e-01
2.280000e+00 1.475100e-01
2.300000e+00 1.346400e-01
2.320000e+00 1.217400e-01
2.340000e+00 1.121900e-01
2.360000e+00 1.006600e-01
2.380000e+00 9.152000e-02
2.400000e+00 8.185000e-02
2.420000e+00 7.142000e-02
2.440000e+00 6.667000e-02
2.460000e+00 5.795000e-02
2.480000e+00 6.238000e-02
2.500000e+00 5.851000e-02
2.520000e+00 5.658000e-02
2.540000e+00 5.464000e-02
2.560000e+00 5.271000e-02
2.580000e+00 5.078000e-02
2.600000e+00 4.884000e-02
2.620000e+00 4.691000e-02
2.640000e+00 4.498000e-02
2.660000e+00 4.304000e-02
2.680000e+00 4.111000e-02
2.700000e+00 3.917000e-02
2.720000e+00 3.724000e-02
2.740000e+00 3.531000e-02
2.760000e+00 3.337000e-02
2.780000e+00 3.144000e-02
2.800000e+00 2.950000e-02
2.820000e+00 2.757000e-02
2.840000e+00 2.564000e-02
2.860000e+00 2.370000e-02
2.880000e+00 2.177000e-02
2.900000e+00 1.984000e-02
2.920000e+00 1.790000e-02
2.940000e+00 1.597000e-02
2.960000e+00 1.403000e-02
2.980000e+00 1.210000e-02
3.000000e+00 1.196000e-02
3.020000e+00 1.196000e-02
3.040000e+00 1.174000e-02
3.060000e+00 1.135000e-02
3.080000e+00 1.105000e-02
3.100000e+00 1.102000e-02
3.120000e+00 1.108000e-02
3.140000e+00 1.111000e-02
3.160000e+00 1.094000e-02
3.180000e+00 1.115000e-02
3.200000e+00 1.122000e-02
3.220000e+00 1.123000e-02
3.240000e+00 1.141000e-02
3.260000e+00 1.136000e-02
3.280000e+00 1.143000e-02
3.300000e+00 1.140000e-02
3.320000e+00 1.112000e-02
3.340000e+00 1.082000e-02
3.360000e+00 1.021000e-02
3.380000e+00 1.007000e-02
3.400000e+00 9.100000e-03
3.420000e+00 1.632000e-02
3.440000e+00 2.156000e-02
3.460000e+00 1.765000e-02
3.480000e+00 1.501000e-02
3.500000e+00 1.313000e-02
3.520000e+00 2.333000e-02
3.540000e+00 1.824000e-02
3.560000e+00 1.710000e-02
3.580000e+00 1.660000e-02
3.600000e+00 1.634000e-02
3.620000e+00 1.616000e-02
3.640000e+00 1.610000e-02
3.660000e+00 1.604000e-02
3.680000e+00 1.617000e-02
3.700000e+00 1.630000e-02
3.720000e+00 1.633000e-02
3.740000e+00 1.640000e-02
3.760000e+00 1.673000e-02
3.780000e+00 1.689000e-02
3.800000e+00 1.718000e-02
3.820000e+00 1.738000e-02
3.840000e+00 1.755000e-02
3.860000e+00 1.762000e-02
3.880000e+00 1.788000e-02
3.900000e+00 1.802000e-02
3.920000e+00 1.820000e-02
3.940000e+00 1.836000e-02
3.960000e+00 1.835000e-02
3.980000e+00 1.842000e-02
4.000000e+00 1.842000e-02
4.020000e+00 1.854000e-02
4.040000e+00 1.850000e-02
4.060000e+00 1.850000e-02
4.080000e+00 1.852000e-02
4.100000e+00 1.854000e-02
4.120000e+00 1.839000e-02
4.140000e+00 1.837000e-02
4.160000e+00 1.826000e-02
4.180000e+00 1.813000e-02
4.200000e+00 1.791000e-02
4.220000e+00 1.779000e-02
4.240000e+00 1.753000e-02
4.260000e+00 1.730000e-02
4.280000e+00 1.719000e-02
4.300000e+00 1.704000e-02
4.320000e+00 1.688000e-02
4.340000e+00 1.665000e-02
4.360000e+00 1.646000e-02
4.380000e+00 1.635000e-02
4.400000e+00 1.615000e-02
4.420000e+00 1.604000e-02
4.440000e+00 1.590000e-02
4.460000e+00 1.569000e-02
4.480000e+00 1.552000e-02
4.500000e+00 1.543000e-02
4.520000e+00 1.532000e-02
4.540000e+00 1.531000e-02
4.560000e+00 1.523000e-02
4.580000e+00 1.513000e-02
4.600000e+00 1.507000e-02
4.620000e+00 1.509000e-02
4.640000e+00 1.497000e-02
4.660000e+00 1.495000e-02
4.680000e+00 1.487000e-02
4.700000e+00 1.493000e-02
4.720000e+00 1.490000e-02
4.740000e+00 1.490000e-02
4.760000e+00 1.488000e-02
4.780000e+00 1.488000e-02
4.800000e+00 1.490000e-02
4.820000e+00 1.497000e-02
4.840000e+00 1.489000e-02
4.860000e+00 1.495000e-02
4.880000e+00 1.502000e-02
4.900000e+00 1.507000e-02
4.920000e+00 1.510000e-02
4.940000e+00 1.524000e-02
4.960000e+00 1.534000e-02
4.980000e+00 1.532000e-02
5.000000e+00 1.538000e-02
5.100000e+00 1.582000e-02
5.200000e+00 1.625000e-02
5.300000e+00 1.623000e-02
5.400000e+00 1.577000e-02
5.500000e+00 1.508000e-02
5.600000e+00 1.411000e-02
5.700000e+00 1.253000e-02
5.800000e+00 1.243000e-02
5.900000e+00 1.509000e-02
6.000000e+00 1.559000e-02
6.100000e+00 1.632000e-02
6.200000e+00 1.516000e-02
6.300000e+00 1.531000e-02
6.400000e+00 1.542000e-02
6.500000e+00 1.554000e-02
6.600000e+00 1.468000e-02
6.700000e+00 1.545000e-02
6.800000e+00 1.664000e-02
6.900000e+00 1.720000e-02
7.000000e+00 1.758000e-02
7.100000e+00 1.713000e-02
7.200000e+00 1.685000e-02
7.300000e+00 1.634000e-02
7.400000e+00 1.747000e-02
7.500000e+00 1.758000e-02
7.600000e+00 1.677000e-02
7.700000e+00 1.702000e-02
7.800000e+00 1.678000e-02
7.900000e+00 1.676000e-02
8.000000e+00 1.618000e-02
8.100000e+00 1.701000e-02
8.200000e+00 1.836000e-02
8.300000e+00 2.046000e-02
8.400000e+00 2.098000e-02
8.500000e+00 2.221000e-02
8.600000e+00 2.324000e-02
8.700000e+00 2.294000e-02
8.800000e+00 2.470000e-02
8.900000e+00 2.413000e-02
9.000000e+00 2.156000e-02
9.100000e+00 2.148000e-02
9.200000e+00 2.245000e-02
9.300000e+00 2.114000e-02
9.400000e+00 1.874000e-02
9.500000e+00 1.675000e-02
9.600000e+00 1.718000e-02
9.700000e+00 1.678000e-02
9.800000e+00 1.748000e-02
9.900000e+00 1.861000e-02
1.000000e+01 1.959000e-02
1.010000e+01 2.104000e-02
1.020000e+01 2.257000e-02
1.030000e+01 2.383000e-02
1.040000e+01 2.476000e-02
1.050000e+01 2.559000e-02
1.060000e+01 2.629000e-02
1.070000e+01 2.680000e-02
1.080000e+01 2.681000e-02
1.090000e+01 2.714000e-02
1.100000e+01 2.735000e-02
1.110000e+01 2.704000e-02
1.120000e+01 2.717000e-02
1.130000e+01 2.761000e-02
1.140000e+01 2.764000e-02
1.150000e+01 2.798000e-02
1.160000e+01 2.755000e-02
1.170000e+01 2.703000e-02
1.180000e+01 2.677000e-02
1.190000e+01 2.676000e-02
1.200000e+01 2.654000e-02
1.210000e+01 2.678000e-02
1.220000e+01 2.695000e-02
1.230000e+01 2.686000e-02
1.240000e+01 2.582000e-02
1.250000e+01 2.544000e-02
1.260000e+01 2.518000e-02
1.270000e+01 2.408000e-02
1.280000e+01 2.351000e-02
1.290000e+01 2.297000e-02
1.300000e+01 2.153000e-02
1.310000e+01 2.155000e-02
1.320000e+01 2.112000e-02
1.330000e+01 1.842000e-02
1.340000e+01 1.941000e-02
1.350000e+01 1.755000e-02
1.360000e+01 1.506000e-02
1.370000e+01 1.608000e-02
1.380000e+01 1.540000e-02
1.390000e+01 2.206000e-02
1.400000e+01 1.814000e-02
