3.500000e-01 3.742000e-02
3.510000e-01 3.974000e-02
3.520000e-01 4.028000e-02
3.530000e-01 3.921000e-02
3.540000e-01 3.803000e-02
3.550000e-01 3.863000e-02
3.560000e-01 3.896000e-02
3.570000e-01 3.837000e-02
3.580000e-01 3.714000e-02
3.590000e-01 3.606000e-02
3.600000e-01 3.682000e-02
3.610000e-01 3.872000e-02
3.620000e-01 3.777000e-02
3.630000e-01 3.676000e-02
3.640000e-01 3.652000e-02
3.650000e-01 3.701000e-02
3.660000e-01 3.709000e-02
3.670000e-01 3.730000e-02
3.680000e-01 3.762000e-02
3.690000e-01 3.769000e-02
3.700000e-01 3.812000e-02
3.710000e-01 3.788000e-02
3.720000e-01 3.680000e-02
3.730000e-01 3.661000e-02
3.740000e-01 3.679000e-02
3.750000e-01 3.692000e-02
3.760000e-01 3.677000e-02
3.770000e-01 3.706000e-02
3.780000e-01 3.784000e-02
3.790000e-01 3.839000e-02
3.800000e-01 3.753000e-02
3.810000e-01 3.657000e-02
3.820000e-01 3.603000e-02
3.830000e-01 3.608000e-02
3.840000e-01 3.654000e-02
3.850000e-01 3.741000e-02
3.860000e-01 3.826000e-02
3.870000e-01 3.858000e-02
3.880000e-01 3.777000e-02
3.890000e-01 3.730000e-02
3.900000e-01 3.770000e-02
3.910000e-01 3.840000e-02
3.920000e-01 3.820000e-02
3.930000e-01 3.795000e-02
3.940000e-01 3.832000e-02
3.950000e-01 3.839000e-02
3.960000e-01 3.860000e-02
3.970000e-01 3.898000e-02
3.980000e-01 3.935000e-02
3.990000e-01 3.971000e-02
4.000000e-01 3.980000e-02
4.010000e-01 3.977000e-02
4.020000e-01 4.029000e-02
4.030000e-01 4.105000e-02
4.040000e-01 4.169000e-02
4.050000e-01 4.206000e-02
4.060000e-01 4.269000e-02
4.070000e-01 4.312000e-02
4.080000e-01 4.346000e-02
4.090000e-01 4.414000e-02
4.100000e-01 4.492000e-02
4.110000e-01 4.541000e-02
4.120000e-01 4.571000e-02
4.130000e-01 4.677000e-02
4.140000e-01 4.757000e-02
4.150000e-01 4.818000e-02
4.160000e-01 4.894000e-02
4.170000e-01 4.965000e-02
4.180000e-01 5.051000e-02
4.190000e-01 5.145000e-02
4.200000e-01 5.222000e-02
4.210000e-01 5.307000e-02
4.220000e-01 5.389000e-02
4.230000e-01 5.458000e-02
4.240000e-01 5.516000e-02
4.250000e-01 5.594000e-02
4.260000e-01 5.685000e-02
4.270000e-01 5.767000e-02
4.280000e-01 5.836000e-02
4.290000e-01 5.902000e-02
4.300000e-01 5.971000e-02
4.310000e-01 6.039000e-02
4.320000e-01 6.098000e-02
4.330000e-01 6.156000e-02
4.340000e-01 6.224000e-02
4.350000e-01 6.295000e-02
4.360000e-01 6.347000e-02
4.370000e-01 6.392000e-02
4.380000e-01 6.462000e-02
4.390000e-01 6.509000e-02
4.400000e-01 6.553000e-02
4.410000e-01 6.610000e-02
4.420000e-01 6.651000e-02
4.430000e-01 6.687000e-02
4.440000e-01 6.723000e-02
4.450000e-01 6.763000e-02
4.460000e-01 6.805000e-02
4.470000e-01 6.850000e-02
4.480000e-01 6.894000e-02
4.490000e-01 6.926000e-02
4.500000e-01 6.947000e-02
4.510000e-01 6.975000e-02
4.520000e-01 7.021000e-02
4.530000e-01 7.054000e-02
4.540000e-01 7.085000e-02
4.550000e-01 7.112000e-02
4.560000e-01 7.126000e-02
4.570000e-01 7.137000e-02
4.580000e-01 7.158000e-02
4.590000e-01 7.190000e-02
4.600000e-01 7.218000e-02
4.610000e-01 7.224000e-02
4.620000e-01 7.225000e-02
4.630000e-01 7.247000e-02
4.640000e-01 7.266000e-02
4.650000e-01 7.269000e-02
4.660000e-01 7.263000e-02
4.670000e-01 7.277000e-02
4.680000e-01 7.302000e-02
4.690000e-01 7.316000e-02
4.700000e-01 7.310000e-02
4.710000e-01 7.327000e-02
4.720000e-01 7.334000e-02
4.730000e-01 7.334000e-02
4.740000e-01 7.345000e-02
4.750000e-01 7.359000e-02
4.760000e-01 7.374000e-02
4.770000e-01 7.388000e-02
4.780000e-01 7.398000e-02
4.790000e-01 7.402000e-02
4.800000e-01 7.408000e-02
4.810000e-01 7.421000e-02
4.820000e-01 7.438000e-02
4.830000e-01 7.454000e-02
4.840000e-01 7.463000e-02
4.850000e-01 7.464000e-02
4.860000e-01 7.476000e-02
4.870000e-01 7.491000e-02
4.880000e-01 7.502000e-02
4.890000e-01 7.530000e-02
4.900000e-01 7.560000e-02
4.910000e-01 7.583000e-02
4.920000e-01 7.598000e-02
4.930000e-01 7.636000e-02
4.940000e-01 7.671000e-02
4.950000e-01 7.694000e-02
4.960000e-01 7.736000e-02
4.970000e-01 7.776000e-02
4.980000e-01 7.818000e-02
4.990000e-01 7.869000e-02
5.000000e-01 7.924000e-02
5.010000e-01 7.985000e-02
5.020000e-01 8.052000e-02
5.030000e-01 8.125000e-02
5.040000e-01 8.207000e-02
5.050000e-01 8.291000e-02
5.060000e-01 8.376000e-02
5.070000e-01 8.474000e-02
5.080000e-01 8.581000e-02
5.090000e-01 8.689000e-02
5.100000e-01 8.794000e-02
5.110000e-01 8.916000e-02
5.120000e-01 9.049000e-02
5.130000e-01 9.186000e-02
5.140000e-01 9.328000e-02
5.150000e-01 9.476000e-02
5.160000e-01 9.629000e-02
5.170000e-01 9.790000e-02
5.180000e-01 9.958000e-02
5.190000e-01 1.012500e-01
5.200000e-01 1.029100e-01
5.210000e-01 1.046000e-01
5.220000e-01 1.062000e-01
5.230000e-01 1.077500e-01
5.240000e-01 1.092600e-01
5.250000e-01 1.107500e-01
5.260000e-01 1.121500e-01
5.270000e-01 1.134400e-01
5.280000e-01 1.146300e-01
5.290000e-01 1.157600e-01
5.300000e-01 1.167800e-01
5.310000e-01 1.176800e-01
5.320000e-01 1.186100e-01
5.330000e-01 1.194100e-01
5.340000e-01 1.201200e-01
5.350000e-01 1.207900e-01
5.360000e-01 1.214100e-01
5.370000e-01 1.219400e-01
5.380000e-01 1.224300e-01
5.390000e-01 1.229600e-01
5.400000e-01 1.234100e-01
5.410000e-01 1.238700e-01
5.420000e-01 1.243700e-01
5.430000e-01 1.247900e-01
5.440000e-01 1.252500e-01
5.450000e-01 1.256900e-01
5.460000e-01 1.260100e-01
5.470000e-01 1.262800e-01
5.480000e-01 1.265400e-01
5.490000e-01 1.268000e-01
5.500000e-01 1.270900e-01
5.510000e-01 1.273300e-01
5.520000e-01 1.274800e-01
5.530000e-01 1.274900e-01
5.540000e-01 1.274400e-01
5.550000e-01 1.272900e-01
5.560000e-01 1.270300e-01
5.570000e-01 1.266800e-01
5.580000e-01 1.262000e-01
5.590000e-01 1.256500e-01
5.600000e-01 1.250500e-01
5.610000e-01 1.244200e-01
5.620000e-01 1.238000e-01
5.630000e-01 1.231600e-01
5.640000e-01 1.224600e-01
5.650000e-01 1.217200e-01
5.660000e-01 1.209300e-01
5.670000e-01 1.200600e-01
5.680000e-01 1.191000e-01
5.690000e-01 1.181200e-01
5.700000e-01 1.171500e-01
5.710000e-01 1.162300e-01
5.720000e-01 1.153500e-01
5.730000e-01 1.145500e-01
5.740000e-01 1.138200e-01
5.750000e-01 1.131200e-01
5.760000e-01 1.124200e-01
5.770000e-01 1.117600e-01
5.780000e-01 1.111700e-01
5.790000e-01 1.105700e-01
5.800000e-01 1.100000e-01
5.810000e-01 1.094900e-01
5.820000e-01 1.090600e-01
5.830000e-01 1.086900e-01
5.840000e-01 1.082600e-01
5.850000e-01 1.077500e-01
5.860000e-01 1.072800e-01
5.870000e-01 1.067900e-01
5.880000e-01 1.063400e-01
5.890000e-01 1.059800e-01
5.900000e-01 1.056600e-01
5.910000e-01 1.054700e-01
5.920000e-01 1.053900e-01
5.930000e-01 1.053100e-01
5.940000e-01 1.051800e-01
5.950000e-01 1.050400e-01
5.960000e-01 1.048900e-01
5.970000e-01 1.047000e-01
5.980000e-01 1.045100e-01
5.990000e-01 1.043200e-01
6.000000e-01 1.041300e-01
6.010000e-01 1.039200e-01
6.020000e-01 1.036900e-01
6.030000e-01 1.034300e-01
6.040000e-01 1.031900e-01
6.050000e-01 1.029000e-01
6.060000e-01 1.025300e-01
6.070000e-01 1.021000e-01
6.080000e-01 1.016500e-01
6.090000e-01 1.012500e-01
6.100000e-01 1.008800e-01
6.110000e-01 1.004500e-01
6.120000e-01 9.995000e-02
6.130000e-01 9.941000e-02
6.140000e-01 9.887000e-02
6.150000e-01 9.835000e-02
6.160000e-01 9.791000e-02
6.170000e-01 9.750000e-02
6.180000e-01 9.710000e-02
6.190000e-01 9.671000e-02
6.200000e-01 9.640000e-02
6.210000e-01 9.614000e-02
6.220000e-01 9.584000e-02
6.230000e-01 9.566000e-02
6.240000e-01 9.551000e-02
6.250000e-01 9.535000e-02
6.260000e-01 9.522000e-02
6.270000e-01 9.518000e-02
6.280000e-01 9.517000e-02
6.290000e-01 9.512000e-02
6.300000e-01 9.506000e-02
6.310000e-01 9.501000e-02
6.320000e-01 9.496000e-02
6.330000e-01 9.482000e-02
6.340000e-01 9.462000e-02
6.350000e-01 9.439000e-02
6.360000e-01 9.412000e-02
6.370000e-01 9.371000e-02
6.380000e-01 9.323000e-02
6.390000e-01 9.271000e-02
6.400000e-01 9.214000e-02
6.410000e-01 9.155000e-02
6.420000e-01 9.093000e-02
6.430000e-01 9.029000e-02
6.440000e-01 8.962000e-02
6.450000e-01 8.894000e-02
6.460000e-01 8.829000e-02
6.470000e-01 8.771000e-02
6.480000e-01 8.718000e-02
6.490000e-01 8.671000e-02
6.500000e-01 8.630000e-02
6.510000e-01 8.596000e-02
6.520000e-01 8.566000e-02
6.530000e-01 8.537000e-02
6.540000e-01 8.509000e-02
6.550000e-01 8.478000e-02
6.560000e-01 8.447000e-02
6.570000e-01 8.410000e-02
6.580000e-01 8.366000e-02
6.590000e-01 8.319000e-02
6.600000e-01 8.266000e-02
6.610000e-01 8.210000e-02
6.620000e-01 8.156000e-02
6.630000e-01 8.098000e-02
6.640000e-01 8.040000e-02
6.650000e-01 7.989000e-02
6.660000e-01 7.949000e-02
6.670000e-01 7.910000e-02
6.680000e-01 7.875000e-02
6.690000e-01 7.848000e-02
6.700000e-01 7.825000e-02
6.710000e-01 7.809000e-02
6.720000e-01 7.802000e-02
6.730000e-01 7.794000e-02
6.740000e-01 7.792000e-02
6.750000e-01 7.796000e-02
6.760000e-01 7.807000e-02
6.770000e-01 7.822000e-02
6.780000e-01 7.836000e-02
6.790000e-01 7.854000e-02
6.800000e-01 7.885000e-02
6.810000e-01 7.926000e-02
6.820000e-01 7.978000e-02
6.830000e-01 8.045000e-02
6.840000e-01 8.127000e-02
6.850000e-01 8.229000e-02
6.860000e-01 8.352000e-02
6.870000e-01 8.502000e-02
6.880000e-01 8.686000e-02
6.890000e-01 8.906000e-02
6.900000e-01 9.163000e-02
6.910000e-01 9.463000e-02
6.920000e-01 9.810000e-02
6.930000e-01 1.020100e-01
6.940000e-01 1.063400e-01
6.950000e-01 1.110900e-01
6.960000e-01 1.162600e-01
6.970000e-01 1.218300e-01
6.980000e-01 1.277000e-01
6.990000e-01 1.338800e-01
7.000000e-01 1.402600e-01
7.010000e-01 1.468200e-01
7.020000e-01 1.535500e-01
7.030000e-01 1.603500e-01
7.040000e-01 1.672100e-01
7.050000e-01 1.741100e-01
7.060000e-01 1.810400e-01
7.070000e-01 1.879500e-01
7.080000e-01 1.949100e-01
7.090000e-01 2.020000e-01
7.100000e-01 2.090700e-01
7.110000e-01 2.162200e-01
7.120000e-01 2.234600e-01
7.130000e-01 2.307000e-01
7.140000e-01 2.380900e-01
7.150000e-01 2.455800e-01
7.160000e-01 2.531200e-01
7.170000e-01 2.607100e-01
7.180000e-01 2.683700e-01
7.190000e-01 2.760700e-01
7.200000e-01 2.838200e-01
7.210000e-01 2.916400e-01
7.220000e-01 2.994500e-01
7.230000e-01 3.072400e-01
7.240000e-01 3.150500e-01
7.250000e-01 3.227900e-01
7.260000e-01 3.303900e-01
7.270000e-01 3.378500e-01
7.280000e-01 3.451700e-01
7.290000e-01 3.523400e-01
7.300000e-01 3.593500e-01
7.310000e-01 3.662000e-01
7.320000e-01 3.727900e-01
7.330000e-01 3.791700e-01
7.340000e-01 3.853600e-01
7.350000e-01 3.913400e-01
7.360000e-01 3.971100e-01
7.370000e-01 4.026100e-01
7.380000e-01 4.078200e-01
7.390000e-01 4.128500e-01
7.400000e-01 4.176100e-01
7.410000e-01 4.221400e-01
7.420000e-01 4.265000e-01
7.430000e-01 4.305600e-01
7.440000e-01 4.343700e-01
7.450000e-01 4.379800e-01
7.460000e-01 4.413900e-01
7.470000e-01 4.445100e-01
7.480000e-01 4.474100e-01
7.490000e-01 4.501500e-01
7.500000e-01 4.526600e-01
7.510000e-01 4.550500e-01
7.520000e-01 4.572400e-01
7.530000e-01 4.591800e-01
7.540000e-01 4.610600e-01
7.550000e-01 4.628300e-01
7.560000e-01 4.644600e-01
7.570000e-01 4.659000e-01
7.580000e-01 4.672000e-01
7.590000e-01 4.684400e-01
7.600000e-01 4.696500e-01
7.610000e-01 4.707700e-01
7.620000e-01 4.717500e-01
7.630000e-01 4.726700e-01
7.640000e-01 4.735500e-01
7.650000e-01 4.743500e-01
7.660000e-01 4.750800e-01
7.670000e-01 4.757900e-01
7.680000e-01 4.765000e-01
7.690000e-01 4.770900e-01
7.700000e-01 4.776500e-01
7.710000e-01 4.782500e-01
7.720000e-01 4.788000e-01
7.730000e-01 4.793100e-01
7.740000e-01 4.798200e-01
7.750000e-01 4.803400e-01
7.760000e-01 4.807900e-01
7.770000e-01 4.812100e-01
7.780000e-01 4.816200e-01
7.790000e-01 4.820300e-01
7.800000e-01 4.824200e-01
7.810000e-01 4.828500e-01
7.820000e-01 4.832900e-01
7.830000e-01 4.836400e-01
7.840000e-01 4.840000e-01
7.850000e-01 4.843300e-01
7.860000e-01 4.846500e-01
7.870000e-01 4.850600e-01
7.880000e-01 4.854000e-01
7.890000e-01 4.857100e-01
7.900000e-01 4.860500e-01
7.910000e-01 4.863700e-01
7.920000e-01 4.866500e-01
7.930000e-01 4.869100e-01
7.940000e-01 4.872200e-01
7.950000e-01 4.875200e-01
7.960000e-01 4.877900e-01
7.970000e-01 4.880500e-01
7.980000e-01 4.882900e-01
7.990000e-01 4.885700e-01
8.000000e-01 4.888400e-01
8.010000e-01 4.890600e-01
8.020000e-01 4.892300e-01
8.030000e-01 4.894300e-01
8.040000e-01 4.896300e-01
8.050000e-01 4.897800e-01
8.060000e-01 4.899800e-01
8.070000e-01 4.901700e-01
8.080000e-01 4.903400e-01
8.090000e-01 4.904900e-01
8.100000e-01 4.906400e-01
8.110000e-01 4.907800e-01
8.120000e-01 4.909400e-01
8.130000e-01 4.911000e-01
8.140000e-01 4.911900e-01
8.150000e-01 4.912700e-01
8.160000e-01 4.914200e-01
8.170000e-01 4.915500e-01
8.180000e-01 4.916900e-01
8.190000e-01 4.918200e-01
8.200000e-01 4.918900e-01
8.210000e-01 4.919600e-01
8.220000e-01 4.921100e-01
8.230000e-01 4.922700e-01
8.240000e-01 4.922800e-01
8.250000e-01 4.923500e-01
8.260000e-01 4.924100e-01
8.270000e-01 4.924300e-01
8.280000e-01 4.924900e-01
8.290000e-01 4.925900e-01
8.300000e-01 4.926400e-01
8.310000e-01 4.926200e-01
8.320000e-01 4.926500e-01
8.330000e-01 4.926600e-01
8.340000e-01 4.927100e-01
8.350000e-01 4.928600e-01
8.360000e-01 4.929300e-01
8.370000e-01 4.930000e-01
8.380000e-01 4.931100e-01
8.390000e-01 4.932200e-01
8.400000e-01 4.933100e-01
8.410000e-01 4.934400e-01
8.420000e-01 4.935900e-01
8.430000e-01 4.937000e-01
8.440000e-01 4.938200e-01
8.450000e-01 4.939700e-01
8.460000e-01 4.941100e-01
8.470000e-01 4.941800e-01
8.480000e-01 4.943200e-01
8.490000e-01 4.944800e-01
8.500000e-01 4.945900e-01
8.510000e-01 4.947200e-01
8.520000e-01 4.948200e-01
8.530000e-01 4.949500e-01
8.540000e-01 4.951800e-01
8.550000e-01 4.953000e-01
8.560000e-01 4.954000e-01
8.570000e-01 4.955400e-01
8.580000e-01 4.957000e-01
8.590000e-01 4.958400e-01
8.600000e-01 4.959400e-01
8.610000e-01 4.960100e-01
8.620000e-01 4.961200e-01
8.630000e-01 4.962100e-01
8.640000e-01 4.963400e-01
8.650000e-01 4.965300e-01
8.660000e-01 4.966000e-01
8.670000e-01 4.967400e-01
8.680000e-01 4.969000e-01
8.690000e-01 4.969900e-01
8.700000e-01 4.971300e-01
8.710000e-01 4.973000e-01
8.720000e-01 4.974500e-01
8.730000e-01 4.975300e-01
8.740000e-01 4.976500e-01
8.750000e-01 4.977200e-01
8.760000e-01 4.977700e-01
8.770000e-01 4.979300e-01
8.780000e-01 4.980600e-01
8.790000e-01 4.981600e-01
8.800000e-01 4.982400e-01
8.810000e-01 4.983100e-01
8.820000e-01 4.984500e-01
8.830000e-01 4.985300e-01
8.840000e-01 4.985100e-01
8.850000e-01 4.986600e-01
8.860000e-01 4.987400e-01
8.870000e-01 4.987700e-01
8.880000e-01 4.988500e-01
8.890000e-01 4.989800e-01
8.900000e-01 4.990200e-01
8.910000e-01 4.990100e-01
8.920000e-01 4.990400e-01
8.930000e-01 4.991000e-01
8.940000e-01 4.991200e-01
8.950000e-01 4.991300e-01
8.960000e-01 4.991300e-01
8.970000e-01 4.991200e-01
8.980000e-01 4.991900e-01
8.990000e-01 4.992900e-01
9.000000e-01 4.992500e-01
9.010000e-01 4.992100e-01
9.020000e-01 4.992200e-01
9.030000e-01 4.992400e-01
9.040000e-01 4.992100e-01
9.050000e-01 4.992600e-01
9.060000e-01 4.993400e-01
9.070000e-01 4.993800e-01
9.080000e-01 4.993400e-01
9.090000e-01 4.992700e-01
9.100000e-01 4.992800e-01
9.110000e-01 4.993900e-01
9.120000e-01 4.994200e-01
9.130000e-01 4.993500e-01
9.140000e-01 4.993200e-01
9.150000e-01 4.994400e-01
9.160000e-01 4.994000e-01
9.170000e-01 4.993200e-01
9.180000e-01 4.992100e-01
9.190000e-01 4.990900e-01
9.200000e-01 4.989800e-01
9.210000e-01 4.989400e-01
9.220000e-01 4.988900e-01
9.230000e-01 4.986900e-01
9.240000e-01 4.985700e-01
9.250000e-01 4.984600e-01
9.260000e-01 4.983000e-01
9.270000e-01 4.981000e-01
9.280000e-01 4.977900e-01
9.290000e-01 4.975600e-01
9.300000e-01 4.974100e-01
9.310000e-01 4.971100e-01
9.320000e-01 4.966900e-01
9.330000e-01 4.963100e-01
9.340000e-01 4.960100e-01
9.350000e-01 4.956500e-01
9.360000e-01 4.952500e-01
9.370000e-01 4.947700e-01
9.380000e-01 4.942600e-01
9.390000e-01 4.939600e-01
9.400000e-01 4.934900e-01
9.410000e-01 4.928900e-01
9.420000e-01 4.922500e-01
9.430000e-01 4.916100e-01
9.440000e-01 4.908000e-01
9.450000e-01 4.900400e-01
9.460000e-01 4.894100e-01
9.470000e-01 4.886600e-01
9.480000e-01 4.877400e-01
9.490000e-01 4.867700e-01
9.500000e-01 4.858300e-01
9.510000e-01 4.846600e-01
9.520000e-01 4.834700e-01
9.530000e-01 4.821900e-01
9.540000e-01 4.808100e-01
9.550000e-01 4.796000e-01
9.560000e-01 4.784100e-01
9.570000e-01 4.772100e-01
9.580000e-01 4.760500e-01
9.590000e-01 4.749100e-01
9.600000e-01 4.738300e-01
9.610000e-01 4.729100e-01
9.620000e-01 4.721600e-01
9.630000e-01 4.712800e-01
9.640000e-01 4.706700e-01
9.650000e-01 4.701900e-01
9.660000e-01 4.695800e-01
9.670000e-01 4.690600e-01
9.680000e-01 4.687000e-01
9.690000e-01 4.683700e-01
9.700000e-01 4.679100e-01
9.710000e-01 4.675700e-01
9.720000e-01 4.673300e-01
9.730000e-01 4.671400e-01
9.740000e-01 4.669200e-01
9.750000e-01 4.666200e-01
9.760000e-01 4.664200e-01
9.770000e-01 4.663900e-01
9.780000e-01 4.664500e-01
9.790000e-01 4.663500e-01
9.800000e-01 4.662100e-01
9.810000e-01 4.661800e-01
9.820000e-01 4.663100e-01
9.830000e-01 4.664200e-01
9.840000e-01 4.664700e-01
9.850000e-01 4.665900e-01
9.860000e-01 4.669000e-01
9.870000e-01 4.670500e-01
9.880000e-01 4.674400e-01
9.890000e-01 4.678400e-01
9.900000e-01 4.679000e-01
9.910000e-01 4.684600e-01
9.920000e-01 4.692700e-01
9.930000e-01 4.700800e-01
9.940000e-01 4.708800e-01
9.950000e-01 4.716900e-01
9.960000e-01 4.725000e-01
9.970000e-01 4.733000e-01
9.980000e-01 4.741100e-01
9.990000e-01 4.749200e-01
1.000000e+00 4.757200e-01
1.001000e+00 4.765300e-01
1.002000e+00 4.773300e-01
1.003000e+00 4.781400e-01
1.004000e+00 4.789500e-01
1.005000e+00 4.797500e-01
1.006000e+00 4.805600e-01
1.007000e+00 4.813700e-01
1.008000e+00 4.821700e-01
1.009000e+00 4.829800e-01
1.010000e+00 4.829800e-01
1.011000e+00 4.835800e-01
1.012000e+00 4.841500e-01
1.013000e+00 4.847500e-01
1.014000e+00 4.853000e-01
1.015000e+00 4.858100e-01
1.016000e+00 4.863300e-01
1.017000e+00 4.869000e-01
1.018000e+00 4.874800e-01
1.019000e+00 4.881300e-01
1.020000e+00 4.887700e-01
1.021000e+00 4.893400e-01
1.022000e+00 4.899500e-01
1.023000e+00 4.905200e-01
1.024000e+00 4.910600e-01
1.025000e+00 4.916000e-01
1.026000e+00 4.921100e-01
1.027000e+00 4.926300e-01
1.028000e+00 4.931300e-01
1.029000e+00 4.936600e-01
1.030000e+00 4.942100e-01
1.031000e+00 4.947600e-01
1.032000e+00 4.953200e-01
1.033000e+00 4.958700e-01
1.034000e+00 4.963100e-01
1.035000e+00 4.967700e-01
1.036000e+00 4.972000e-01
1.037000e+00 4.976300e-01
1.038000e+00 4.981000e-01
1.039000e+00 4.986700e-01
1.040000e+00 4.991300e-01
1.041000e+00 4.995800e-01
1.042000e+00 4.999800e-01
1.043000e+00 5.002900e-01
1.044000e+00 5.006700e-01
1.045000e+00 5.010500e-01
1.046000e+00 5.014100e-01
1.047000e+00 5.018000e-01
1.048000e+00 5.021800e-01
1.049000e+00 5.025300e-01
1.050000e+00 5.028800e-01
1.051000e+00 5.032500e-01
1.052000e+00 5.035900e-01
1.053000e+00 5.039100e-01
1.054000e+00 5.042200e-01
1.055000e+00 5.045200e-01
1.056000e+00 5.047700e-01
1.057000e+00 5.050600e-01
1.058000e+00 5.053700e-01
1.059000e+00 5.056500e-01
1.060000e+00 5.059200e-01
1.061000e+00 5.062000e-01
1.062000e+00 5.064600e-01
1.063000e+00 5.067100e-01
1.064000e+00 5.069500e-01
1.065000e+00 5.072000e-01
1.066000e+00 5.074200e-01
1.067000e+00 5.076300e-01
1.068000e+00 5.078300e-01
1.069000e+00 5.080400e-01
1.070000e+00 5.082200e-01
1.071000e+00 5.083900e-01
1.072000e+00 5.085200e-01
1.073000e+00 5.086400e-01
1.074000e+00 5.087400e-01
1.075000e+00 5.087800e-01
1.076000e+00 5.088500e-01
1.077000e+00 5.089300e-01
1.078000e+00 5.090000e-01
1.079000e+00 5.090800e-01
1.080000e+00 5.091500e-01
1.081000e+00 5.092300e-01
1.082000e+00 5.092900e-01
1.083000e+00 5.093500e-01
1.084000e+00 5.093700e-01
1.085000e+00 5.093600e-01
1.086000e+00 5.093000e-01
1.087000e+00 5.092300e-01
1.088000e+00 5.091200e-01
1.089000e+00 5.090400e-01
1.090000e+00 5.089700e-01
1.091000e+00 5.088600e-01
1.092000e+00 5.087500e-01
1.093000e+00 5.086200e-01
1.094000e+00 5.084400e-01
1.095000e+00 5.083100e-01
1.096000e+00 5.082200e-01
1.097000e+00 5.080600e-01
1.098000e+00 5.078800e-01
1.099000e+00 5.076800e-01
1.100000e+00 5.074200e-01
1.101000e+00 5.071800e-01
1.102000e+00 5.069500e-01
1.103000e+00 5.066900e-01
1.104000e+00 5.064400e-01
1.105000e+00 5.061800e-01
1.106000e+00 5.059000e-01
1.107000e+00 5.056200e-01
1.108000e+00 5.053200e-01
1.109000e+00 5.050200e-01
1.110000e+00 5.046700e-01
1.111000e+00 5.042700e-01
1.112000e+00 5.038800e-01
1.113000e+00 5.034500e-01
1.114000e+00 5.030000e-01
1.115000e+00 5.025500e-01
1.116000e+00 5.020500e-01
1.117000e+00 5.015300e-01
1.118000e+00 5.009500e-01
1.119000e+00 5.003600e-01
1.120000e+00 4.996900e-01
1.121000e+00 4.989800e-01
1.122000e+00 4.981800e-01
1.123000e+00 4.972700e-01
1.124000e+00 4.963000e-01
1.125000e+00 4.952100e-01
1.126000e+00 4.940300e-01
1.127000e+00 4.927100e-01
1.128000e+00 4.913200e-01
1.129000e+00 4.897900e-01
1.130000e+00 4.881500e-01
1.131000e+00 4.863700e-01
1.132000e+00 4.844700e-01
1.133000e+00 4.824500e-01
1.134000e+00 4.802900e-01
1.135000e+00 4.780100e-01
1.136000e+00 4.756100e-01
1.137000e+00 4.730800e-01
1.138000e+00 4.704500e-01
1.139000e+00 4.677300e-01
1.140000e+00 4.649400e-01
1.141000e+00 4.621400e-01
1.142000e+00 4.592900e-01
1.143000e+00 4.564400e-01
1.144000e+00 4.536300e-01
1.145000e+00 4.508000e-01
1.146000e+00 4.480700e-01
1.147000e+00 4.453500e-01
1.148000e+00 4.427500e-01
1.149000e+00 4.401800e-01
1.150000e+00 4.378100e-01
1.151000e+00 4.355400e-01
1.152000e+00 4.334100e-01
1.153000e+00 4.314400e-01
1.154000e+00 4.296000e-01
1.155000e+00 4.278800e-01
1.156000e+00 4.263000e-01
1.157000e+00 4.248500e-01
1.158000e+00 4.235100e-01
1.159000e+00 4.222900e-01
1.160000e+00 4.211700e-01
1.161000e+00 4.201400e-01
1.162000e+00 4.191900e-01
1.163000e+00 4.183100e-01
1.164000e+00 4.174800e-01
1.165000e+00 4.167200e-01
1.166000e+00 4.160400e-01
1.167000e+00 4.154100e-01
1.168000e+00 4.148600e-01
1.169000e+00 4.143000e-01
1.170000e+00 4.137800e-01
1.171000e+00 4.132600e-01
1.172000e+00 4.127700e-01
1.173000e+00 4.122700e-01
1.174000e+00 4.118000e-01
1.175000e+00 4.113300e-01
1.176000e+00 4.108600e-01
1.177000e+00 4.103800e-01
1.178000e+00 4.098800e-01
1.179000e+00 4.093800e-01
1.180000e+00 4.088800e-01
1.181000e+00 4.083800e-01
1.182000e+00 4.078800e-01
1.183000e+00 4.073800e-01
1.184000e+00 4.068700e-01
1.185000e+00 4.063700e-01
1.186000e+00 4.058900e-01
1.187000e+00 4.054300e-01
1.188000e+00 4.050100e-01
1.189000e+00 4.046000e-01
1.190000e+00 4.042300e-01
1.191000e+00 4.039100e-01
1.192000e+00 4.036100e-01
1.193000e+00 4.033400e-01
1.194000e+00 4.031000e-01
1.195000e+00 4.028900e-01
1.196000e+00 4.027000e-01
1.197000e+00 4.025900e-01
1.198000e+00 4.025200e-01
1.199000e+00 4.024800e-01
1.200000e+00 4.025000e-01
1.201000e+00 4.025600e-01
1.202000e+00 4.026400e-01
1.203000e+00 4.027800e-01
1.204000e+00 4.029600e-01
1.205000e+00 4.032000e-01
1.206000e+00 4.034900e-01
1.207000e+00 4.038300e-01
1.208000e+00 4.042200e-01
1.209000e+00 4.046300e-01
1.210000e+00 4.050600e-01
1.211000e+00 4.055300e-01
1.212000e+00 4.060300e-01
1.213000e+00 4.065700e-01
1.214000e+00 4.071800e-01
1.215000e+00 4.077900e-01
1.216000e+00 4.084400e-01
1.217000e+00 4.091000e-01
1.218000e+00 4.097800e-01
1.219000e+00 4.104900e-01
1.220000e+00 4.112300e-01
1.221000e+00 4.119900e-01
1.222000e+00 4.127500e-01
1.223000e+00 4.135100e-01
1.224000e+00 4.142800e-01
1.225000e+00 4.150000e-01
1.226000e+00 4.157300e-01
1.227000e+00 4.164600e-01
1.228000e+00 4.171600e-01
1.229000e+00 4.178500e-01
1.230000e+00 4.185200e-01
1.231000e+00 4.191700e-01
1.232000e+00 4.198000e-01
1.233000e+00 4.204100e-01
1.234000e+00 4.209900e-01
1.235000e+00 4.215300e-01
1.236000e+00 4.220800e-01
1.237000e+00 4.226100e-01
1.238000e+00 4.231500e-01
1.239000e+00 4.236900e-01
1.240000e+00 4.242100e-01
1.241000e+00 4.247000e-01
1.242000e+00 4.251500e-01
1.243000e+00 4.255700e-01
1.244000e+00 4.260000e-01
1.245000e+00 4.264300e-01
1.246000e+00 4.268400e-01
1.247000e+00 4.272600e-01
1.248000e+00 4.276400e-01
1.249000e+00 4.280000e-01
1.250000e+00 4.283500e-01
1.251000e+00 4.286800e-01
1.252000e+00 4.290000e-01
1.253000e+00 4.293100e-01
1.254000e+00 4.296000e-01
1.255000e+00 4.299000e-01
1.256000e+00 4.301700e-01
1.257000e+00 4.304400e-01
1.258000e+00 4.307000e-01
1.259000e+00 4.309300e-01
1.260000e+00 4.311300e-01
1.261000e+00 4.313300e-01
1.262000e+00 4.315000e-01
1.263000e+00 4.316600e-01
1.264000e+00 4.318200e-01
1.265000e+00 4.319400e-01
1.266000e+00 4.320400e-01
1.267000e+00 4.321200e-01
1.268000e+00 4.321800e-01
1.269000e+00 4.322300e-01
1.270000e+00 4.322600e-01
1.271000e+00 4.322600e-01
1.272000e+00 4.322500e-01
1.273000e+00 4.322100e-01
1.274000e+00 4.321400e-01
1.275000e+00 4.320600e-01
1.276000e+00 4.319400e-01
1.277000e+00 4.318000e-01
1.278000e+00 4.316400e-01
1.279000e+00 4.314400e-01
1.280000e+00 4.312200e-01
1.281000e+00 4.309900e-01
1.282000e+00 4.307300e-01
1.283000e+00 4.304600e-01
1.284000e+00 4.301800e-01
1.285000e+00 4.298400e-01
1.286000e+00 4.294900e-01
1.287000e+00 4.291200e-01
1.288000e+00 4.287200e-01
1.289000e+00 4.282800e-01
1.290000e+00 4.278300e-01
1.291000e+00 4.273500e-01
1.292000e+00 4.268300e-01
1.293000e+00 4.262700e-01
1.294000e+00 4.257000e-01
1.295000e+00 4.251000e-01
1.296000e+00 4.244600e-01
1.297000e+00 4.237700e-01
1.298000e+00 4.230400e-01
1.299000e+00 4.222700e-01
1.300000e+00 4.214900e-01
1.301000e+00 4.206800e-01
1.302000e+00 4.197900e-01
1.303000e+00 4.188600e-01
1.304000e+00 4.179000e-01
1.305000e+00 4.169000e-01
1.306000e+00 4.158400e-01
1.307000e+00 4.147300e-01
1.308000e+00 4.136000e-01
1.309000e+00 4.123800e-01
1.310000e+00 4.111200e-01
1.311000e+00 4.098400e-01
1.312000e+00 4.084800e-01
1.313000e+00 4.071000e-01
1.314000e+00 4.056600e-01
1.315000e+00 4.041800e-01
1.316000e+00 4.026500e-01
1.317000e+00 4.010800e-01
1.318000e+00 3.994500e-01
1.319000e+00 3.977800e-01
1.320000e+00 3.960600e-01
1.321000e+00 3.942500e-01
1.322000e+00 3.924200e-01
1.323000e+00 3.905700e-01
1.324000e+00 3.886900e-01
1.325000e+00 3.867800e-01
1.326000e+00 3.848300e-01
1.327000e+00 3.828300e-01
1.328000e+00 3.808000e-01
1.329000e+00 3.787400e-01
1.330000e+00 3.766700e-01
1.331000e+00 3.745800e-01
1.332000e+00 3.724800e-01
1.333000e+00 3.703900e-01
1.334000e+00 3.683100e-01
1.335000e+00 3.662200e-01
1.336000e+00 3.641300e-01
1.337000e+00 3.620700e-01
1.338000e+00 3.600100e-01
1.339000e+00 3.579800e-01
1.340000e+00 3.559700e-01
1.341000e+00 3.539800e-01
1.342000e+00 3.520200e-01
1.343000e+00 3.501000e-01
1.344000e+00 3.482000e-01
1.345000e+00 3.463400e-01
1.346000e+00 3.445100e-01
1.347000e+00 3.427100e-01
1.348000e+00 3.409300e-01
1.349000e+00 3.391900e-01
1.350000e+00 3.374900e-01
1.351000e+00 3.358200e-01
1.352000e+00 3.341600e-01
1.353000e+00 3.325100e-01
1.354000e+00 3.308600e-01
1.355000e+00 3.292300e-01
1.356000e+00 3.276200e-01
1.357000e+00 3.260100e-01
1.358000e+00 3.244200e-01
1.359000e+00 3.228100e-01
1.360000e+00 3.211600e-01
1.361000e+00 3.195000e-01
1.362000e+00 3.177900e-01
1.363000e+00 3.160600e-01
1.364000e+00 3.142800e-01
1.365000e+00 3.124300e-01
1.366000e+00 3.105200e-01
1.367000e+00 3.085300e-01
1.368000e+00 3.064500e-01
1.369000e+00 3.042900e-01
1.370000e+00 3.019900e-01
1.371000e+00 2.995800e-01
1.372000e+00 2.970200e-01
1.373000e+00 2.943000e-01
1.374000e+00 2.914600e-01
1.375000e+00 2.884900e-01
1.376000e+00 2.853200e-01
1.377000e+00 2.819700e-01
1.378000e+00 2.784100e-01
1.379000e+00 2.746600e-01
1.380000e+00 2.707400e-01
1.381000e+00 2.666300e-01
1.382000e+00 2.624100e-01
1.383000e+00 2.580300e-01
1.384000e+00 2.535400e-01
1.385000e+00 2.489100e-01
1.386000e+00 2.442100e-01
1.387000e+00 2.393700e-01
1.388000e+00 2.345500e-01
1.389000e+00 2.296800e-01
1.390000e+00 2.247600e-01
1.391000e+00 2.199000e-01
1.392000e+00 2.150500e-01
1.393000e+00 2.102200e-01
1.394000e+00 2.054800e-01
1.395000e+00 2.007700e-01
1.396000e+00 1.961700e-01
1.397000e+00 1.916800e-01
1.398000e+00 1.873000e-01
1.399000e+00 1.831300e-01
1.400000e+00 1.790800e-01
1.401000e+00 1.751700e-01
1.402000e+00 1.714600e-01
1.403000e+00 1.678700e-01
1.404000e+00 1.644400e-01
1.405000e+00 1.612000e-01
1.406000e+00 1.581100e-01
1.407000e+00 1.552200e-01
1.408000e+00 1.524900e-01
1.409000e+00 1.499000e-01
1.410000e+00 1.474700e-01
1.411000e+00 1.451700e-01
1.412000e+00 1.430200e-01
1.413000e+00 1.410100e-01
1.414000e+00 1.391300e-01
1.415000e+00 1.374000e-01
1.416000e+00 1.357800e-01
1.417000e+00 1.342600e-01
1.418000e+00 1.328500e-01
1.419000e+00 1.315300e-01
1.420000e+00 1.302900e-01
1.421000e+00 1.291500e-01
1.422000e+00 1.280900e-01
1.423000e+00 1.271100e-01
1.424000e+00 1.262100e-01
1.425000e+00 1.253600e-01
1.426000e+00 1.245900e-01
1.427000e+00 1.238600e-01
1.428000e+00 1.231900e-01
1.429000e+00 1.225800e-01
1.430000e+00 1.220000e-01
1.431000e+00 1.214900e-01
1.432000e+00 1.210400e-01
1.433000e+00 1.206200e-01
1.434000e+00 1.202500e-01
1.435000e+00 1.199100e-01
1.436000e+00 1.196100e-01
1.437000e+00 1.193300e-01
1.438000e+00 1.191000e-01
1.439000e+00 1.188900e-01
1.440000e+00 1.187200e-01
1.441000e+00 1.185800e-01
1.442000e+00 1.184500e-01
1.443000e+00 1.183600e-01
1.444000e+00 1.182900e-01
1.445000e+00 1.182300e-01
1.446000e+00 1.181900e-01
1.447000e+00 1.181600e-01
1.448000e+00 1.181500e-01
1.449000e+00 1.181600e-01
1.450000e+00 1.182000e-01
1.451000e+00 1.182400e-01
1.452000e+00 1.182900e-01
1.453000e+00 1.183500e-01
1.454000e+00 1.184300e-01
1.455000e+00 1.185200e-01
1.456000e+00 1.186300e-01
1.457000e+00 1.187500e-01
1.458000e+00 1.188900e-01
1.459000e+00 1.190400e-01
1.460000e+00 1.192300e-01
1.461000e+00 1.194300e-01
1.462000e+00 1.196700e-01
1.463000e+00 1.199400e-01
1.464000e+00 1.202300e-01
1.465000e+00 1.205700e-01
1.466000e+00 1.209200e-01
1.467000e+00 1.212900e-01
1.468000e+00 1.216900e-01
1.469000e+00 1.221200e-01
1.470000e+00 1.225800e-01
1.471000e+00 1.230900e-01
1.472000e+00 1.236100e-01
1.473000e+00 1.241500e-01
1.474000e+00 1.247200e-01
1.475000e+00 1.253000e-01
1.476000e+00 1.259200e-01
1.477000e+00 1.265500e-01
1.478000e+00 1.272100e-01
1.479000e+00 1.278900e-01
1.480000e+00 1.285800e-01
1.481000e+00 1.292800e-01
1.482000e+00 1.299900e-01
1.483000e+00 1.307100e-01
1.484000e+00 1.314500e-01
1.485000e+00 1.322000e-01
1.486000e+00 1.329600e-01
1.487000e+00 1.337300e-01
1.488000e+00 1.345000e-01
1.489000e+00 1.352800e-01
1.490000e+00 1.360600e-01
1.491000e+00 1.368600e-01
1.492000e+00 1.376600e-01
1.493000e+00 1.384800e-01
1.494000e+00 1.392900e-01
1.495000e+00 1.401200e-01
1.496000e+00 1.409500e-01
1.497000e+00 1.417800e-01
1.498000e+00 1.426000e-01
1.499000e+00 1.434300e-01
1.500000e+00 1.442600e-01
1.501000e+00 1.450900e-01
1.502000e+00 1.459300e-01
1.503000e+00 1.467800e-01
1.504000e+00 1.476200e-01
1.505000e+00 1.484600e-01
1.506000e+00 1.493100e-01
1.507000e+00 1.501500e-01
1.508000e+00 1.509900e-01
1.509000e+00 1.518300e-01
1.510000e+00 1.526700e-01
1.511000e+00 1.535100e-01
1.512000e+00 1.543600e-01
1.513000e+00 1.551800e-01
1.514000e+00 1.560000e-01
1.515000e+00 1.568300e-01
1.516000e+00 1.576400e-01
1.517000e+00 1.584700e-01
1.518000e+00 1.592900e-01
1.519000e+00 1.600900e-01
1.520000e+00 1.608900e-01
1.521000e+00 1.616900e-01
1.522000e+00 1.625000e-01
1.523000e+00 1.633200e-01
1.524000e+00 1.641300e-01
1.525000e+00 1.649400e-01
1.526000e+00 1.657100e-01
1.527000e+00 1.664700e-01
1.528000e+00 1.672400e-01
1.529000e+00 1.680100e-01
1.530000e+00 1.687900e-01
1.531000e+00 1.695700e-01
1.532000e+00 1.703200e-01
1.533000e+00 1.710700e-01
1.534000e+00 1.718100e-01
1.535000e+00 1.725300e-01
1.536000e+00 1.732700e-01
1.537000e+00 1.739900e-01
1.538000e+00 1.747100e-01
1.539000e+00 1.754300e-01
1.540000e+00 1.761500e-01
1.541000e+00 1.768700e-01
1.542000e+00 1.775900e-01
1.543000e+00 1.782900e-01
1.544000e+00 1.790000e-01
1.545000e+00 1.796900e-01
1.546000e+00 1.803800e-01
1.547000e+00 1.810900e-01
1.548000e+00 1.817800e-01
1.549000e+00 1.824600e-01
1.550000e+00 1.831500e-01
1.551000e+00 1.838100e-01
1.552000e+00 1.844700e-01
1.553000e+00 1.851300e-01
1.554000e+00 1.857700e-01
1.555000e+00 1.864300e-01
1.556000e+00 1.870800e-01
1.557000e+00 1.877200e-01
1.558000e+00 1.883500e-01
1.559000e+00 1.889800e-01
1.560000e+00 1.896200e-01
1.561000e+00 1.902400e-01
1.562000e+00 1.908500e-01
1.563000e+00 1.914700e-01
1.564000e+00 1.920700e-01
1.565000e+00 1.926800e-01
1.566000e+00 1.933000e-01
1.567000e+00 1.939000e-01
1.568000e+00 1.944900e-01
1.569000e+00 1.950800e-01
1.570000e+00 1.956600e-01
1.571000e+00 1.962600e-01
1.572000e+00 1.968500e-01
1.573000e+00 1.974400e-01
1.574000e+00 1.980200e-01
1.575000e+00 1.986000e-01
1.576000e+00 1.991700e-01
1.577000e+00 1.997400e-01
1.578000e+00 2.003100e-01
1.579000e+00 2.008800e-01
1.580000e+00 2.014600e-01
1.581000e+00 2.020300e-01
1.582000e+00 2.025900e-01
1.583000e+00 2.031400e-01
1.584000e+00 2.037000e-01
1.585000e+00 2.042500e-01
1.586000e+00 2.048100e-01
1.587000e+00 2.053700e-01
1.588000e+00 2.059200e-01
1.589000e+00 2.064900e-01
1.590000e+00 2.070600e-01
1.591000e+00 2.076200e-01
1.592000e+00 2.082000e-01
1.593000e+00 2.087700e-01
1.594000e+00 2.093400e-01
1.595000e+00 2.099200e-01
1.596000e+00 2.104800e-01
1.597000e+00 2.110400e-01
1.598000e+00 2.116200e-01
1.599000e+00 2.121900e-01
1.600000e+00 2.127700e-01
1.601000e+00 2.133400e-01
1.602000e+00 2.138900e-01
1.603000e+00 2.144400e-01
1.604000e+00 2.149800e-01
1.605000e+00 2.155300e-01
1.606000e+00 2.160900e-01
1.607000e+00 2.166400e-01
1.608000e+00 2.171900e-01
1.609000e+00 2.177300e-01
1.610000e+00 2.182600e-01
1.611000e+00 2.187900e-01
1.612000e+00 2.193100e-01
1.613000e+00 2.198300e-01
1.614000e+00 2.203300e-01
1.615000e+00 2.208200e-01
1.616000e+00 2.213000e-01
1.617000e+00 2.217700e-01
1.618000e+00 2.222300e-01
1.619000e+00 2.226800e-01
1.620000e+00 2.231300e-01
1.621000e+00 2.235700e-01
1.622000e+00 2.240100e-01
1.623000e+00 2.244400e-01
1.624000e+00 2.248600e-01
1.625000e+00 2.252600e-01
1.626000e+00 2.256400e-01
1.627000e+00 2.260000e-01
1.628000e+00 2.263800e-01
1.629000e+00 2.267200e-01
1.630000e+00 2.270600e-01
1.631000e+00 2.273900e-01
1.632000e+00 2.276700e-01
1.633000e+00 2.279700e-01
1.634000e+00 2.282800e-01
1.635000e+00 2.285800e-01
1.636000e+00 2.288700e-01
1.637000e+00 2.291600e-01
1.638000e+00 2.294200e-01
1.639000e+00 2.296900e-01
1.640000e+00 2.299600e-01
1.641000e+00 2.302200e-01
1.642000e+00 2.304900e-01
1.643000e+00 2.307300e-01
1.644000e+00 2.309700e-01
1.645000e+00 2.311800e-01
1.646000e+00 2.313500e-01
1.647000e+00 2.315100e-01
1.648000e+00 2.316400e-01
1.649000e+00 2.317300e-01
1.650000e+00 2.318100e-01
1.651000e+00 2.318500e-01
1.652000e+00 2.318600e-01
1.653000e+00 2.318600e-01
1.654000e+00 2.318300e-01
1.655000e+00 2.318100e-01
1.656000e+00 2.317700e-01
1.657000e+00 2.317200e-01
1.658000e+00 2.316700e-01
1.659000e+00 2.316000e-01
1.660000e+00 2.315100e-01
1.661000e+00 2.314100e-01
1.662000e+00 2.313200e-01
1.663000e+00 2.312300e-01
1.664000e+00 2.311400e-01
1.665000e+00 2.310600e-01
1.666000e+00 2.309700e-01
1.667000e+00 2.308700e-01
1.668000e+00 2.307800e-01
1.669000e+00 2.306800e-01
1.670000e+00 2.305700e-01
1.671000e+00 2.304500e-01
1.672000e+00 2.303400e-01
1.673000e+00 2.302100e-01
1.674000e+00 2.300600e-01
1.675000e+00 2.298900e-01
1.676000e+00 2.297100e-01
1.677000e+00 2.295200e-01
1.678000e+00 2.292900e-01
1.679000e+00 2.290400e-01
1.680000e+00 2.287600e-01
1.681000e+00 2.284400e-01
1.682000e+00 2.281100e-01
1.683000e+00 2.277500e-01
1.684000e+00 2.273600e-01
1.685000e+00 2.269500e-01
1.686000e+00 2.264900e-01
1.687000e+00 2.259900e-01
1.688000e+00 2.254900e-01
1.689000e+00 2.249600e-01
1.690000e+00 2.244100e-01
1.691000e+00 2.238500e-01
1.692000e+00 2.232900e-01
1.693000e+00 2.227100e-01
1.694000e+00 2.221400e-01
1.695000e+00 2.215600e-01
1.696000e+00 2.209900e-01
1.697000e+00 2.204100e-01
1.698000e+00 2.198400e-01
1.699000e+00 2.192800e-01
1.700000e+00 2.187200e-01
1.701000e+00 2.181700e-01
1.702000e+00 2.176100e-01
1.703000e+00 2.170600e-01
1.704000e+00 2.165000e-01
1.705000e+00 2.159100e-01
1.706000e+00 2.153500e-01
1.707000e+00 2.148000e-01
1.708000e+00 2.142500e-01
1.709000e+00 2.137100e-01
1.710000e+00 2.131800e-01
1.711000e+00 2.126400e-01
1.712000e+00 2.121200e-01
1.713000e+00 2.116100e-01
1.714000e+00 2.111100e-01
1.715000e+00 2.106100e-01
1.716000e+00 2.101600e-01
1.717000e+00 2.097400e-01
1.718000e+00 2.093200e-01
1.719000e+00 2.089300e-01
1.720000e+00 2.085500e-01
1.721000e+00 2.081800e-01
1.722000e+00 2.078200e-01
1.723000e+00 2.074700e-01
1.724000e+00 2.071300e-01
1.725000e+00 2.068100e-01
1.726000e+00 2.065300e-01
1.727000e+00 2.062700e-01
1.728000e+00 2.060400e-01
1.729000e+00 2.058000e-01
1.730000e+00 2.055700e-01
1.731000e+00 2.053600e-01
1.732000e+00 2.051700e-01
1.733000e+00 2.049700e-01
1.734000e+00 2.047900e-01
1.735000e+00 2.045800e-01
1.736000e+00 2.043600e-01
1.737000e+00 2.041100e-01
1.738000e+00 2.038500e-01
1.739000e+00 2.035500e-01
1.740000e+00 2.032300e-01
1.741000e+00 2.028700e-01
1.742000e+00 2.024700e-01
1.743000e+00 2.020500e-01
1.744000e+00 2.016000e-01
1.745000e+00 2.011500e-01
1.746000e+00 2.006700e-01
1.747000e+00 2.001800e-01
1.748000e+00 1.996700e-01
1.749000e+00 1.991900e-01
1.750000e+00 1.987300e-01
1.751000e+00 1.982700e-01
1.752000e+00 1.978300e-01
1.753000e+00 1.974000e-01
1.754000e+00 1.969500e-01
1.755000e+00 1.965500e-01
1.756000e+00 1.961700e-01
1.757000e+00 1.958100e-01
1.758000e+00 1.954600e-01
1.759000e+00 1.951400e-01
1.760000e+00 1.948300e-01
1.761000e+00 1.945400e-01
1.762000e+00 1.942600e-01
1.763000e+00 1.939900e-01
1.764000e+00 1.937400e-01
1.765000e+00 1.935200e-01
1.766000e+00 1.933000e-01
1.767000e+00 1.930700e-01
1.768000e+00 1.928700e-01
1.769000e+00 1.926900e-01
1.770000e+00 1.925000e-01
1.771000e+00 1.923100e-01
1.772000e+00 1.921400e-01
1.773000e+00 1.919500e-01
1.774000e+00 1.917900e-01
1.775000e+00 1.916500e-01
1.776000e+00 1.915200e-01
1.777000e+00 1.913900e-01
1.778000e+00 1.912700e-01
1.779000e+00 1.911400e-01
1.780000e+00 1.910500e-01
1.781000e+00 1.909600e-01
1.782000e+00 1.909100e-01
1.783000e+00 1.908900e-01
1.784000e+00 1.908800e-01
1.785000e+00 1.909000e-01
1.786000e+00 1.909200e-01
1.787000e+00 1.909500e-01
1.788000e+00 1.910000e-01
1.789000e+00 1.910500e-01
1.790000e+00 1.910900e-01
1.791000e+00 1.911500e-01
1.792000e+00 1.912000e-01
1.793000e+00 1.912700e-01
1.794000e+00 1.913700e-01
1.795000e+00 1.914800e-01
1.796000e+00 1.916200e-01
1.797000e+00 1.917400e-01
1.798000e+00 1.918700e-01
1.799000e+00 1.919900e-01
1.800000e+00 1.920900e-01
1.801000e+00 1.922100e-01
1.802000e+00 1.923500e-01
1.803000e+00 1.924700e-01
1.804000e+00 1.925900e-01
1.805000e+00 1.927200e-01
1.806000e+00 1.928400e-01
1.807000e+00 1.929500e-01
1.808000e+00 1.930600e-01
1.809000e+00 1.931700e-01
1.810000e+00 1.932700e-01
1.811000e+00 1.933700e-01
1.812000e+00 1.934900e-01
1.813000e+00 1.935800e-01
1.814000e+00 1.936400e-01
1.815000e+00 1.937200e-01
1.816000e+00 1.937900e-01
1.817000e+00 1.938400e-01
1.818000e+00 1.939100e-01
1.819000e+00 1.939700e-01
1.820000e+00 1.940200e-01
1.821000e+00 1.940900e-01
1.822000e+00 1.941500e-01
1.823000e+00 1.941900e-01
1.824000e+00 1.942200e-01
1.825000e+00 1.942300e-01
1.826000e+00 1.942500e-01
1.827000e+00 1.939900e-01
1.828000e+00 1.937300e-01
1.829000e+00 1.934700e-01
1.830000e+00 1.932000e-01
1.831000e+00 1.929400e-01
1.832000e+00 1.926800e-01
1.833000e+00 1.924200e-01
1.834000e+00 1.921600e-01
1.835000e+00 1.921600e-01
1.836000e+00 1.919300e-01
1.837000e+00 1.916900e-01
1.838000e+00 1.914100e-01
1.839000e+00 1.910900e-01
1.840000e+00 1.907400e-01
1.841000e+00 1.903500e-01
1.842000e+00 1.899200e-01
1.843000e+00 1.894500e-01
1.844000e+00 1.889400e-01
1.845000e+00 1.884000e-01
1.846000e+00 1.878000e-01
1.847000e+00 1.871200e-01
1.848000e+00 1.863900e-01
1.849000e+00 1.855700e-01
1.850000e+00 1.846600e-01
1.851000e+00 1.836800e-01
1.852000e+00 1.826200e-01
1.853000e+00 1.814600e-01
1.854000e+00 1.802400e-01
1.855000e+00 1.789300e-01
1.856000e+00 1.775300e-01
1.857000e+00 1.760300e-01
1.858000e+00 1.744400e-01
1.859000e+00 1.727500e-01
1.860000e+00 1.709700e-01
1.861000e+00 1.690600e-01
1.862000e+00 1.670500e-01
1.863000e+00 1.649600e-01
1.864000e+00 1.627500e-01
1.865000e+00 1.604200e-01
1.866000e+00 1.579800e-01
1.867000e+00 1.553900e-01
1.868000e+00 1.526800e-01
1.869000e+00 1.499000e-01
1.870000e+00 1.470100e-01
1.871000e+00 1.440200e-01
1.872000e+00 1.409500e-01
1.873000e+00 1.378200e-01
1.874000e+00 1.346200e-01
1.875000e+00 1.313800e-01
1.876000e+00 1.280900e-01
1.877000e+00 1.247900e-01
1.878000e+00 1.214600e-01
1.879000e+00 1.181400e-01
1.880000e+00 1.148600e-01
1.881000e+00 1.116100e-01
1.882000e+00 1.083500e-01
1.883000e+00 1.051200e-01
1.884000e+00 1.019200e-01
1.885000e+00 9.873000e-02
1.886000e+00 9.561000e-02
1.887000e+00 9.258000e-02
1.888000e+00 8.964000e-02
1.889000e+00 8.679000e-02
1.890000e+00 8.408000e-02
1.891000e+00 8.148000e-02
1.892000e+00 7.900000e-02
1.893000e+00 7.663000e-02
1.894000e+00 7.437000e-02
1.895000e+00 7.221000e-02
1.896000e+00 7.016000e-02
1.897000e+00 6.826000e-02
1.898000e+00 6.650000e-02
1.899000e+00 6.486000e-02
1.900000e+00 6.332000e-02
1.901000e+00 6.193000e-02
1.902000e+00 6.061000e-02
1.903000e+00 5.939000e-02
1.904000e+00 5.828000e-02
1.905000e+00 5.728000e-02
1.906000e+00 5.636000e-02
1.907000e+00 5.556000e-02
1.908000e+00 5.483000e-02
1.909000e+00 5.416000e-02
1.910000e+00 5.355000e-02
1.911000e+00 5.298000e-02
1.912000e+00 5.247000e-02
1.913000e+00 5.199000e-02
1.914000e+00 5.157000e-02
1.915000e+00 5.117000e-02
1.916000e+00 5.080000e-02
1.917000e+00 5.050000e-02
1.918000e+00 5.023000e-02
1.919000e+00 5.000000e-02
1.920000e+00 4.981000e-02
1.921000e+00 4.960000e-02
1.922000e+00 4.943000e-02
1.923000e+00 4.928000e-02
1.924000e+00 4.916000e-02
1.925000e+00 4.907000e-02
1.926000e+00 4.902000e-02
1.927000e+00 4.901000e-02
1.928000e+00 4.899000e-02
1.929000e+00 4.898000e-02
1.930000e+00 4.900000e-02
1.931000e+00 4.904000e-02
1.932000e+00 4.911000e-02
1.933000e+00 4.919000e-02
1.934000e+00 4.929000e-02
1.935000e+00 4.939000e-02
1.936000e+00 4.947000e-02
1.937000e+00 4.958000e-02
1.938000e+00 4.970000e-02
1.939000e+00 4.984000e-02
1.940000e+00 4.997000e-02
1.941000e+00 5.015000e-02
1.942000e+00 5.033000e-02
1.943000e+00 5.051000e-02
1.944000e+00 5.071000e-02
1.945000e+00 5.093000e-02
1.946000e+00 5.115000e-02
1.947000e+00 5.138000e-02
1.948000e+00 5.161000e-02
1.949000e+00 5.184000e-02
1.950000e+00 5.207000e-02
1.951000e+00 5.230000e-02
1.952000e+00 5.258000e-02
1.953000e+00 5.286000e-02
1.954000e+00 5.315000e-02
1.955000e+00 5.343000e-02
1.956000e+00 5.370000e-02
1.957000e+00 5.398000e-02
1.958000e+00 5.425000e-02
1.959000e+00 5.455000e-02
1.960000e+00 5.486000e-02
1.961000e+00 5.518000e-02
1.962000e+00 5.553000e-02
1.963000e+00 5.589000e-02
1.964000e+00 5.622000e-02
1.965000e+00 5.656000e-02
1.966000e+00 5.691000e-02
1.967000e+00 5.724000e-02
1.968000e+00 5.758000e-02
1.969000e+00 5.794000e-02
1.970000e+00 5.830000e-02
1.971000e+00 5.865000e-02
1.972000e+00 5.901000e-02
1.973000e+00 5.937000e-02
1.974000e+00 5.975000e-02
1.975000e+00 6.014000e-02
1.976000e+00 6.052000e-02
1.977000e+00 6.091000e-02
1.978000e+00 6.131000e-02
1.979000e+00 6.169000e-02
1.980000e+00 6.208000e-02
1.981000e+00 6.247000e-02
1.982000e+00 6.286000e-02
1.983000e+00 6.325000e-02
1.984000e+00 6.364000e-02
1.985000e+00 6.402000e-02
1.986000e+00 6.440000e-02
1.987000e+00 6.480000e-02
1.988000e+00 6.517000e-02
1.989000e+00 6.555000e-02
1.990000e+00 6.597000e-02
1.991000e+00 6.638000e-02
1.992000e+00 6.680000e-02
1.993000e+00 6.725000e-02
1.994000e+00 6.767000e-02
1.995000e+00 6.806000e-02
1.996000e+00 6.847000e-02
1.997000e+00 6.890000e-02
1.998000e+00 6.931000e-02
1.999000e+00 6.972000e-02
2.000000e+00 7.013000e-02
2.001000e+00 7.053000e-02
2.002000e+00 7.094000e-02
2.003000e+00 7.134000e-02
2.004000e+00 7.174000e-02
2.005000e+00 7.215000e-02
2.006000e+00 7.255000e-02
2.007000e+00 7.295000e-02
2.008000e+00 7.338000e-02
2.009000e+00 7.378000e-02
2.010000e+00 7.416000e-02
2.011000e+00 7.456000e-02
2.012000e+00 7.495000e-02
2.013000e+00 7.533000e-02
2.014000e+00 7.572000e-02
2.015000e+00 7.612000e-02
2.016000e+00 7.649000e-02
2.017000e+00 7.688000e-02
2.018000e+00 7.725000e-02
2.019000e+00 7.759000e-02
2.020000e+00 7.794000e-02
2.021000e+00 7.828000e-02
2.022000e+00 7.862000e-02
2.023000e+00 7.899000e-02
2.024000e+00 7.932000e-02
2.025000e+00 7.963000e-02
2.026000e+00 7.996000e-02
2.027000e+00 8.029000e-02
2.028000e+00 8.059000e-02
2.029000e+00 8.087000e-02
2.030000e+00 8.117000e-02
2.031000e+00 8.144000e-02
2.032000e+00 8.169000e-02
2.033000e+00 8.194000e-02
2.034000e+00 8.219000e-02
2.035000e+00 8.243000e-02
2.036000e+00 8.265000e-02
2.037000e+00 8.289000e-02
2.038000e+00 8.318000e-02
2.039000e+00 8.343000e-02
2.040000e+00 8.368000e-02
2.041000e+00 8.391000e-02
2.042000e+00 8.413000e-02
2.043000e+00 8.434000e-02
2.044000e+00 8.455000e-02
2.045000e+00 8.476000e-02
2.046000e+00 8.497000e-02
2.047000e+00 8.517000e-02
2.048000e+00 8.536000e-02
2.049000e+00 8.553000e-02
2.050000e+00 8.571000e-02
2.051000e+00 8.587000e-02
2.052000e+00 8.606000e-02
2.053000e+00 8.626000e-02
2.054000e+00 8.644000e-02
2.055000e+00 8.662000e-02
2.056000e+00 8.681000e-02
2.057000e+00 8.698000e-02
2.058000e+00 8.716000e-02
2.059000e+00 8.734000e-02
2.060000e+00 8.754000e-02
2.061000e+00 8.772000e-02
2.062000e+00 8.789000e-02
2.063000e+00 8.807000e-02
2.064000e+00 8.825000e-02
2.065000e+00 8.843000e-02
2.066000e+00 8.861000e-02
2.067000e+00 8.878000e-02
2.068000e+00 8.896000e-02
2.069000e+00 8.912000e-02
2.070000e+00 8.929000e-02
2.071000e+00 8.946000e-02
2.072000e+00 8.962000e-02
2.073000e+00 8.978000e-02
2.074000e+00 8.996000e-02
2.075000e+00 9.015000e-02
2.076000e+00 9.035000e-02
2.077000e+00 9.058000e-02
2.078000e+00 9.078000e-02
2.079000e+00 9.098000e-02
2.080000e+00 9.117000e-02
2.081000e+00 9.132000e-02
2.082000e+00 9.150000e-02
2.083000e+00 9.168000e-02
2.084000e+00 9.187000e-02
2.085000e+00 9.208000e-02
2.086000e+00 9.227000e-02
2.087000e+00 9.245000e-02
2.088000e+00 9.263000e-02
2.089000e+00 9.281000e-02
2.090000e+00 9.299000e-02
2.091000e+00 9.319000e-02
2.092000e+00 9.340000e-02
2.093000e+00 9.360000e-02
2.094000e+00 9.381000e-02
2.095000e+00 9.401000e-02
2.096000e+00 9.419000e-02
2.097000e+00 9.438000e-02
2.098000e+00 9.457000e-02
2.099000e+00 9.477000e-02
2.100000e+00 9.498000e-02
2.101000e+00 9.518000e-02
2.102000e+00 9.540000e-02
2.103000e+00 9.559000e-02
2.104000e+00 9.575000e-02
2.105000e+00 9.596000e-02
2.106000e+00 9.615000e-02
2.107000e+00 9.636000e-02
2.108000e+00 9.656000e-02
2.109000e+00 9.678000e-02
2.110000e+00 9.698000e-02
2.111000e+00 9.716000e-02
2.112000e+00 9.736000e-02
2.113000e+00 9.756000e-02
2.114000e+00 9.777000e-02
2.115000e+00 9.799000e-02
2.116000e+00 9.820000e-02
2.117000e+00 9.840000e-02
2.118000e+00 9.862000e-02
2.119000e+00 9.886000e-02
2.120000e+00 9.906000e-02
2.121000e+00 9.926000e-02
2.122000e+00 9.947000e-02
2.123000e+00 9.967000e-02
2.124000e+00 9.985000e-02
2.125000e+00 1.000400e-01
2.126000e+00 1.002400e-01
2.127000e+00 1.004500e-01
2.128000e+00 1.006400e-01
2.129000e+00 1.008400e-01
2.130000e+00 1.010700e-01
2.131000e+00 1.012700e-01
2.132000e+00 1.014600e-01
2.133000e+00 1.016500e-01
2.134000e+00 1.018300e-01
2.135000e+00 1.020200e-01
2.136000e+00 1.022100e-01
2.137000e+00 1.024100e-01
2.138000e+00 1.026000e-01
2.139000e+00 1.028100e-01
2.140000e+00 1.030700e-01
2.141000e+00 1.032800e-01
2.142000e+00 1.035000e-01
2.143000e+00 1.037300e-01
2.144000e+00 1.039400e-01
2.145000e+00 1.041200e-01
2.146000e+00 1.043300e-01
2.147000e+00 1.045500e-01
2.148000e+00 1.047600e-01
2.149000e+00 1.049600e-01
2.150000e+00 1.051600e-01
2.151000e+00 1.053600e-01
2.152000e+00 1.055800e-01
2.153000e+00 1.058300e-01
2.154000e+00 1.060500e-01
2.155000e+00 1.062800e-01
2.156000e+00 1.065000e-01
2.157000e+00 1.067000e-01
2.158000e+00 1.069100e-01
2.159000e+00 1.071300e-01
2.160000e+00 1.073400e-01
2.161000e+00 1.075200e-01
2.162000e+00 1.077300e-01
2.163000e+00 1.079400e-01
2.164000e+00 1.081500e-01
2.165000e+00 1.083600e-01
2.166000e+00 1.085800e-01
2.167000e+00 1.087700e-01
2.168000e+00 1.089200e-01
2.169000e+00 1.091100e-01
2.170000e+00 1.093100e-01
2.171000e+00 1.095000e-01
2.172000e+00 1.096900e-01
2.173000e+00 1.099200e-01
2.174000e+00 1.101700e-01
2.175000e+00 1.104000e-01
2.176000e+00 1.106800e-01
2.177000e+00 1.109000e-01
2.178000e+00 1.110600e-01
2.179000e+00 1.112400e-01
2.180000e+00 1.114100e-01
2.181000e+00 1.115900e-01
2.182000e+00 1.118000e-01
2.183000e+00 1.120000e-01
2.184000e+00 1.122000e-01
2.185000e+00 1.124200e-01
2.186000e+00 1.126400e-01
2.187000e+00 1.128700e-01
2.188000e+00 1.130800e-01
2.189000e+00 1.132900e-01
2.190000e+00 1.134800e-01
2.191000e+00 1.136200e-01
2.192000e+00 1.137900e-01
2.193000e+00 1.139800e-01
2.194000e+00 1.141500e-01
2.195000e+00 1.143400e-01
2.196000e+00 1.145000e-01
2.197000e+00 1.146300e-01
2.198000e+00 1.147800e-01
2.199000e+00 1.149000e-01
2.200000e+00 1.150400e-01
2.201000e+00 1.151900e-01
2.202000e+00 1.153500e-01
2.203000e+00 1.155100e-01
2.204000e+00 1.156700e-01
2.205000e+00 1.158400e-01
2.206000e+00 1.160200e-01
2.207000e+00 1.161600e-01
2.208000e+00 1.163000e-01
2.209000e+00 1.163900e-01
2.210000e+00 1.164300e-01
2.211000e+00 1.165100e-01
2.212000e+00 1.165800e-01
2.213000e+00 1.166400e-01
2.214000e+00 1.167200e-01
2.215000e+00 1.167600e-01
2.216000e+00 1.167500e-01
2.217000e+00 1.167500e-01
2.218000e+00 1.167700e-01
2.219000e+00 1.167400e-01
2.220000e+00 1.166900e-01
2.221000e+00 1.166600e-01
2.222000e+00 1.166200e-01
2.223000e+00 1.165600e-01
2.224000e+00 1.165200e-01
2.225000e+00 1.164400e-01
2.226000e+00 1.163400e-01
2.227000e+00 1.161800e-01
2.228000e+00 1.159700e-01
2.229000e+00 1.157700e-01
2.230000e+00 1.155400e-01
2.231000e+00 1.152800e-01
2.232000e+00 1.150100e-01
2.233000e+00 1.147800e-01
2.234000e+00 1.144900e-01
2.235000e+00 1.141500e-01
2.236000e+00 1.138000e-01
2.237000e+00 1.134200e-01
2.238000e+00 1.130300e-01
2.239000e+00 1.125900e-01
2.240000e+00 1.121700e-01
2.241000e+00 1.117300e-01
2.242000e+00 1.112800e-01
2.243000e+00 1.108200e-01
2.244000e+00 1.103500e-01
2.245000e+00 1.098700e-01
2.246000e+00 1.093700e-01
2.247000e+00 1.088600e-01
2.248000e+00 1.083400e-01
2.249000e+00 1.078400e-01
2.250000e+00 1.072700e-01
2.251000e+00 1.066600e-01
2.252000e+00 1.060600e-01
2.253000e+00 1.054400e-01
2.254000e+00 1.048300e-01
2.255000e+00 1.042400e-01
2.256000e+00 1.036400e-01
2.257000e+00 1.030000e-01
2.258000e+00 1.023900e-01
2.259000e+00 1.018100e-01
2.260000e+00 1.012200e-01
2.261000e+00 1.006200e-01
2.262000e+00 1.000600e-01
2.263000e+00 9.946000e-02
2.264000e+00 9.885000e-02
2.265000e+00 9.832000e-02
2.266000e+00 9.775000e-02
2.267000e+00 9.720000e-02
2.268000e+00 9.668000e-02
2.269000e+00 9.618000e-02
2.270000e+00 9.564000e-02
2.271000e+00 9.520000e-02
2.272000e+00 9.482000e-02
2.273000e+00 9.444000e-02
2.274000e+00 9.410000e-02
2.275000e+00 9.376000e-02
2.276000e+00 9.343000e-02
2.277000e+00 9.310000e-02
2.278000e+00 9.276000e-02
2.279000e+00 9.246000e-02
2.280000e+00 9.219000e-02
2.281000e+00 9.190000e-02
2.282000e+00 9.164000e-02
2.283000e+00 9.137000e-02
2.284000e+00 9.107000e-02
2.285000e+00 9.078000e-02
2.286000e+00 9.052000e-02
2.287000e+00 9.022000e-02
2.288000e+00 8.990000e-02
2.289000e+00 8.955000e-02
2.290000e+00 8.915000e-02
2.291000e+00 8.878000e-02
2.292000e+00 8.844000e-02
2.293000e+00 8.804000e-02
2.294000e+00 8.761000e-02
2.295000e+00 8.719000e-02
2.296000e+00 8.668000e-02
2.297000e+00 8.627000e-02
2.298000e+00 8.595000e-02
2.299000e+00 8.562000e-02
2.300000e+00 8.532000e-02
2.301000e+00 8.502000e-02
2.302000e+00 8.470000e-02
2.303000e+00 8.435000e-02
2.304000e+00 8.397000e-02
2.305000e+00 8.368000e-02
2.306000e+00 8.341000e-02
2.307000e+00 8.318000e-02
2.308000e+00 8.305000e-02
2.309000e+00 8.292000e-02
2.310000e+00 8.279000e-02
2.311000e+00 8.276000e-02
2.312000e+00 8.271000e-02
2.313000e+00 8.266000e-02
2.314000e+00 8.264000e-02
2.315000e+00 8.262000e-02
2.316000e+00 8.264000e-02
2.317000e+00 8.274000e-02
2.318000e+00 8.274000e-02
2.319000e+00 8.275000e-02
2.320000e+00 8.270000e-02
2.321000e+00 8.255000e-02
2.322000e+00 8.246000e-02
2.323000e+00 8.236000e-02
2.324000e+00 8.226000e-02
2.325000e+00 8.216000e-02
2.326000e+00 8.206000e-02
2.327000e+00 8.199000e-02
2.328000e+00 8.182000e-02
2.329000e+00 8.162000e-02
2.330000e+00 8.141000e-02
2.331000e+00 8.109000e-02
2.332000e+00 8.084000e-02
2.333000e+00 8.062000e-02
2.334000e+00 8.036000e-02
2.335000e+00 8.010000e-02
2.336000e+00 7.985000e-02
2.337000e+00 7.958000e-02
2.338000e+00 7.931000e-02
2.339000e+00 7.903000e-02
2.340000e+00 7.881000e-02
2.341000e+00 7.863000e-02
2.342000e+00 7.840000e-02
2.343000e+00 7.817000e-02
2.344000e+00 7.795000e-02
2.345000e+00 7.765000e-02
2.346000e+00 7.743000e-02
2.347000e+00 7.735000e-02
2.348000e+00 7.714000e-02
2.349000e+00 7.682000e-02
2.350000e+00 7.661000e-02
2.351000e+00 7.637000e-02
2.352000e+00 7.616000e-02
2.353000e+00 7.603000e-02
2.354000e+00 7.595000e-02
2.355000e+00 7.583000e-02
2.356000e+00 7.574000e-02
2.357000e+00 7.571000e-02
2.358000e+00 7.563000e-02
2.359000e+00 7.551000e-02
2.360000e+00 7.537000e-02
2.361000e+00 7.517000e-02
2.362000e+00 7.498000e-02
2.363000e+00 7.481000e-02
2.364000e+00 7.472000e-02
2.365000e+00 7.467000e-02
2.366000e+00 7.456000e-02
2.367000e+00 7.444000e-02
2.368000e+00 7.424000e-02
2.369000e+00 7.398000e-02
2.370000e+00 7.378000e-02
2.371000e+00 7.357000e-02
2.372000e+00 7.336000e-02
2.373000e+00 7.321000e-02
2.374000e+00 7.302000e-02
2.375000e+00 7.284000e-02
2.376000e+00 7.262000e-02
2.377000e+00 7.236000e-02
2.378000e+00 7.211000e-02
2.379000e+00 7.179000e-02
2.380000e+00 7.156000e-02
2.381000e+00 7.146000e-02
2.382000e+00 7.134000e-02
2.383000e+00 7.123000e-02
2.384000e+00 7.110000e-02
2.385000e+00 7.090000e-02
2.386000e+00 7.069000e-02
2.387000e+00 7.044000e-02
2.388000e+00 7.023000e-02
2.389000e+00 7.004000e-02
2.390000e+00 6.982000e-02
2.391000e+00 6.976000e-02
2.392000e+00 6.972000e-02
2.393000e+00 6.953000e-02
2.394000e+00 6.931000e-02
2.395000e+00 6.902000e-02
2.396000e+00 6.871000e-02
2.397000e+00 6.848000e-02
2.398000e+00 6.833000e-02
2.399000e+00 6.819000e-02
2.400000e+00 6.811000e-02
2.401000e+00 6.797000e-02
2.402000e+00 6.770000e-02
2.403000e+00 6.744000e-02
2.404000e+00 6.706000e-02
2.405000e+00 6.679000e-02
2.406000e+00 6.664000e-02
2.407000e+00 6.644000e-02
2.408000e+00 6.624000e-02
2.409000e+00 6.594000e-02
2.410000e+00 6.568000e-02
2.411000e+00 6.547000e-02
2.412000e+00 6.529000e-02
2.413000e+00 6.517000e-02
2.414000e+00 6.492000e-02
2.415000e+00 6.455000e-02
2.416000e+00 6.422000e-02
2.417000e+00 6.396000e-02
2.418000e+00 6.382000e-02
2.419000e+00 6.381000e-02
2.420000e+00 6.362000e-02
2.421000e+00 6.330000e-02
2.422000e+00 6.299000e-02
2.423000e+00 6.259000e-02
2.424000e+00 6.228000e-02
2.425000e+00 6.206000e-02
2.426000e+00 6.187000e-02
2.427000e+00 6.174000e-02
2.428000e+00 6.159000e-02
2.429000e+00 6.141000e-02
2.430000e+00 6.109000e-02
2.431000e+00 6.054000e-02
2.432000e+00 6.005000e-02
2.433000e+00 5.968000e-02
2.434000e+00 5.933000e-02
2.435000e+00 5.907000e-02
2.436000e+00 5.893000e-02
2.437000e+00 5.875000e-02
2.438000e+00 5.846000e-02
2.439000e+00 5.827000e-02
2.440000e+00 5.800000e-02
2.441000e+00 5.752000e-02
2.442000e+00 5.717000e-02
2.443000e+00 5.681000e-02
2.444000e+00 5.651000e-02
2.445000e+00 5.648000e-02
2.446000e+00 5.640000e-02
2.447000e+00 5.624000e-02
2.448000e+00 5.609000e-02
2.449000e+00 5.579000e-02
2.450000e+00 5.539000e-02
2.451000e+00 5.502000e-02
2.452000e+00 5.458000e-02
2.453000e+00 5.419000e-02
2.454000e+00 5.399000e-02
2.455000e+00 5.384000e-02
2.456000e+00 5.373000e-02
2.457000e+00 5.354000e-02
2.458000e+00 5.323000e-02
2.459000e+00 5.291000e-02
2.460000e+00 5.248000e-02
2.461000e+00 5.224000e-02
2.462000e+00 5.213000e-02
2.463000e+00 5.203000e-02
2.464000e+00 5.202000e-02
2.465000e+00 5.179000e-02
2.466000e+00 5.143000e-02
2.467000e+00 5.112000e-02
2.468000e+00 5.084000e-02
2.469000e+00 5.082000e-02
2.470000e+00 5.069000e-02
2.471000e+00 5.062000e-02
2.472000e+00 5.036000e-02
2.473000e+00 4.987000e-02
2.474000e+00 4.960000e-02
2.475000e+00 4.932000e-02
2.476000e+00 4.925000e-02
2.477000e+00 4.948000e-02
2.478000e+00 4.942000e-02
2.479000e+00 4.931000e-02
2.480000e+00 4.905000e-02
2.481000e+00 4.858000e-02
2.482000e+00 4.802000e-02
2.483000e+00 4.776000e-02
2.484000e+00 4.800000e-02
2.485000e+00 4.809000e-02
2.486000e+00 4.847000e-02
2.487000e+00 4.873000e-02
2.488000e+00 4.827000e-02
2.489000e+00 4.775000e-02
2.490000e+00 4.730000e-02
2.491000e+00 4.720000e-02
2.492000e+00 4.752000e-02
2.493000e+00 4.791000e-02
2.494000e+00 4.828000e-02
2.495000e+00 4.786000e-02
2.496000e+00 4.731000e-02
2.497000e+00 4.735000e-02
2.498000e+00 4.750000e-02
2.499000e+00 4.789000e-02
2.500000e+00 4.813000e-02
