3.020000e-01 3.948000e-02
3.040000e-01 3.961000e-02
3.060000e-01 3.973000e-02
3.080000e-01 3.986000e-02
3.100000e-01 3.998000e-02
3.120000e-01 4.011000e-02
3.140000e-01 4.023000e-02
3.160000e-01 4.036000e-02
3.180000e-01 4.048000e-02
3.200000e-01 4.061000e-02
3.220000e-01 4.073000e-02
3.240000e-01 4.086000e-02
3.260000e-01 4.098000e-02
3.280000e-01 4.111000e-02
3.300000e-01 4.123000e-02
3.320000e-01 4.136000e-02
3.340000e-01 4.148000e-02
3.360000e-01 4.161000e-02
3.380000e-01 4.173000e-02
3.400000e-01 4.186000e-02
3.420000e-01 4.198000e-02
3.440000e-01 4.211000e-02
3.460000e-01 4.223000e-02
3.480000e-01 4.236000e-02
3.500000e-01 4.248000e-02
3.520000e-01 4.261000e-02
3.540000e-01 4.273000e-02
3.560000e-01 4.286000e-02
3.580000e-01 4.298000e-02
3.600000e-01 4.311000e-02
3.620000e-01 4.323000e-02
3.640000e-01 4.336000e-02
3.660000e-01 4.348000e-02
3.680000e-01 4.361000e-02
3.700000e-01 4.373000e-02
3.720000e-01 4.386000e-02
3.740000e-01 4.398000e-02
3.760000e-01 4.411000e-02
3.780000e-01 4.423000e-02
3.800000e-01 4.436000e-02
3.820000e-01 4.448000e-02
3.840000e-01 4.461000e-02
3.860000e-01 4.473000e-02
3.880000e-01 4.486000e-02
3.900000e-01 4.498000e-02
3.920000e-01 4.511000e-02
3.940000e-01 4.523000e-02
3.960000e-01 4.536000e-02
3.980000e-01 4.548000e-02
4.000000e-01 4.561000e-02
4.020000e-01 4.573000e-02
4.040000e-01 4.585000e-02
4.060000e-01 4.597000e-02
4.080000e-01 4.609000e-02
4.100000e-01 4.621000e-02
4.120000e-01 4.634000e-02
4.140000e-01 4.645000e-02
4.160000e-01 4.658000e-02
4.180000e-01 4.669000e-02
4.200000e-01 4.682000e-02
4.220000e-01 4.694000e-02
4.240000e-01 4.706000e-02
4.260000e-01 4.718000e-02
4.280000e-01 4.729000e-02
4.300000e-01 4.742000e-02
4.320000e-01 4.754000e-02
4.340000e-01 4.766000e-02
4.360000e-01 4.778000e-02
4.380000e-01 4.790000e-02
4.400000e-01 4.802000e-02
4.420000e-01 4.814000e-02
4.440000e-01 4.826000e-02
4.460000e-01 4.838000e-02
4.480000e-01 4.850000e-02
4.500000e-01 4.862000e-02
4.520000e-01 4.874000e-02
4.540000e-01 4.886000e-02
4.560000e-01 4.899000e-02
4.580000e-01 4.911000e-02
4.600000e-01 4.923000e-02
4.620000e-01 4.935000e-02
4.640000e-01 4.947000e-02
4.660000e-01 4.959000e-02
4.680000e-01 4.971000e-02
4.700000e-01 4.983000e-02
4.720000e-01 4.995000e-02
4.740000e-01 5.008000e-02
4.760000e-01 5.019000e-02
4.780000e-01 5.032000e-02
4.800000e-01 5.044000e-02
4.820000e-01 5.056000e-02
4.840000e-01 5.068000e-02
4.860000e-01 5.090000e-02
4.880000e-01 5.129000e-02
4.900000e-01 5.182000e-02
4.920000e-01 5.249000e-02
4.940000e-01 5.331000e-02
4.960000e-01 5.415000e-02
4.980000e-01 5.519000e-02
5.000000e-01 5.650000e-02
5.020000e-01 5.822000e-02
5.040000e-01 6.029000e-02
5.060000e-01 6.270000e-02
5.080000e-01 6.611000e-02
5.100000e-01 6.919000e-02
5.120000e-01 7.247000e-02
5.140000e-01 7.685000e-02
5.160000e-01 8.065000e-02
5.180000e-01 8.413000e-02
5.200000e-01 8.822000e-02
5.220000e-01 9.143000e-02
5.240000e-01 9.435000e-02
5.260000e-01 9.713000e-02
5.280000e-01 9.981000e-02
5.300000e-01 1.012600e-01
5.320000e-01 1.027100e-01
5.340000e-01 1.034300e-01
5.360000e-01 1.040500e-01
5.380000e-01 1.047700e-01
5.400000e-01 1.049600e-01
5.420000e-01 1.048700e-01
5.440000e-01 1.050600e-01
5.460000e-01 1.051100e-01
5.480000e-01 1.048700e-01
5.500000e-01 1.046700e-01
5.520000e-01 1.040800e-01
5.540000e-01 1.029500e-01
5.560000e-01 1.019700e-01
5.580000e-01 1.008200e-01
5.600000e-01 9.865000e-02
5.620000e-01 9.655000e-02
5.640000e-01 9.421000e-02
5.660000e-01 9.096000e-02
5.680000e-01 8.788000e-02
5.700000e-01 8.518000e-02
5.720000e-01 8.268000e-02
5.740000e-01 8.080000e-02
5.760000e-01 7.872000e-02
5.780000e-01 7.657000e-02
5.800000e-01 7.459000e-02
5.820000e-01 7.321000e-02
5.840000e-01 7.179000e-02
5.860000e-01 7.029000e-02
5.880000e-01 6.932000e-02
5.900000e-01 6.878000e-02
5.920000e-01 6.818000e-02
5.940000e-01 6.770000e-02
5.960000e-01 6.764000e-02
5.980000e-01 6.771000e-02
6.000000e-01 6.776000e-02
6.020000e-01 6.689000e-02
6.040000e-01 6.524000e-02
6.060000e-01 6.295000e-02
6.080000e-01 6.136000e-02
6.100000e-01 6.050000e-02
6.120000e-01 6.007000e-02
6.140000e-01 5.957000e-02
6.160000e-01 5.852000e-02
6.180000e-01 5.762000e-02
6.200000e-01 5.718000e-02
6.220000e-01 5.669000e-02
6.240000e-01 5.610000e-02
6.260000e-01 5.596000e-02
6.280000e-01 5.579000e-02
6.300000e-01 5.519000e-02
6.320000e-01 5.474000e-02
6.340000e-01 5.387000e-02
6.360000e-01 5.238000e-02
6.380000e-01 5.121000e-02
6.400000e-01 5.007000e-02
6.420000e-01 4.877000e-02
6.440000e-01 4.758000e-02
6.460000e-01 4.696000e-02
6.480000e-01 4.629000e-02
6.500000e-01 4.567000e-02
6.520000e-01 4.522000e-02
6.540000e-01 4.453000e-02
6.560000e-01 4.324000e-02
6.580000e-01 4.183000e-02
6.600000e-01 4.157000e-02
6.620000e-01 4.124000e-02
6.640000e-01 4.053000e-02
6.660000e-01 4.041000e-02
6.680000e-01 4.065000e-02
6.700000e-01 4.060000e-02
6.720000e-01 4.074000e-02
6.740000e-01 4.111000e-02
6.760000e-01 4.154000e-02
6.780000e-01 4.227000e-02
6.800000e-01 4.346000e-02
6.820000e-01 4.524000e-02
6.840000e-01 4.748000e-02
6.860000e-01 5.012000e-02
6.880000e-01 5.332000e-02
6.900000e-01 5.732000e-02
6.920000e-01 6.426000e-02
6.940000e-01 7.438000e-02
6.960000e-01 8.604000e-02
6.980000e-01 9.726000e-02
7.000000e-01 1.110500e-01
7.020000e-01 1.254900e-01
7.040000e-01 1.395600e-01
7.060000e-01 1.552500e-01
7.080000e-01 1.724100e-01
7.100000e-01 1.889400e-01
7.120000e-01 2.063700e-01
7.140000e-01 2.251400e-01
7.160000e-01 2.433600e-01
7.180000e-01 2.621200e-01
7.200000e-01 2.826100e-01
7.220000e-01 3.019600e-01
7.240000e-01 3.197200e-01
7.260000e-01 3.392300e-01
7.280000e-01 3.564800e-01
7.300000e-01 3.723200e-01
7.320000e-01 3.889600e-01
7.340000e-01 4.034100e-01
7.360000e-01 4.161300e-01
7.380000e-01 4.284300e-01
7.400000e-01 4.398600e-01
7.420000e-01 4.489400e-01
7.440000e-01 4.575400e-01
7.460000e-01 4.644000e-01
7.480000e-01 4.698400e-01
7.500000e-01 4.751100e-01
7.520000e-01 4.800500e-01
7.540000e-01 4.840900e-01
7.560000e-01 4.872400e-01
7.580000e-01 4.896000e-01
7.600000e-01 4.912000e-01
7.620000e-01 4.928100e-01
7.640000e-01 4.944800e-01
7.660000e-01 4.958200e-01
7.680000e-01 4.970800e-01
7.700000e-01 4.987100e-01
7.720000e-01 5.001400e-01
7.740000e-01 5.010800e-01
7.760000e-01 5.017400e-01
7.780000e-01 5.025400e-01
7.800000e-01 5.032900e-01
7.820000e-01 5.040900e-01
7.840000e-01 5.045700e-01
7.860000e-01 5.048100e-01
7.880000e-01 5.055400e-01
7.900000e-01 5.058600e-01
7.920000e-01 5.060900e-01
7.940000e-01 5.060800e-01
7.960000e-01 5.059100e-01
7.980000e-01 5.065100e-01
8.000000e-01 5.074200e-01
8.200000e-01 5.103900e-01
8.400000e-01 5.135300e-01
8.600000e-01 5.167200e-01
8.800000e-01 5.168600e-01
9.000000e-01 5.154400e-01
9.200000e-01 5.139000e-01
9.400000e-01 5.036000e-01
9.600000e-01 4.819900e-01
9.800000e-01 4.798600e-01
1.000000e+00 4.874600e-01
1.020000e+00 4.994400e-01
1.040000e+00 5.121100e-01
1.060000e+00 5.237800e-01
1.080000e+00 5.248500e-01
1.100000e+00 5.196600e-01
1.120000e+00 5.062400e-01
1.140000e+00 4.582400e-01
1.160000e+00 4.323100e-01
1.180000e+00 4.213100e-01
1.200000e+00 4.245300e-01
1.220000e+00 4.331400e-01
1.240000e+00 4.426000e-01
1.260000e+00 4.478300e-01
1.280000e+00 4.413700e-01
1.300000e+00 4.214600e-01
1.320000e+00 3.834000e-01
1.340000e+00 3.436300e-01
1.360000e+00 3.054400e-01
1.380000e+00 2.171600e-01
1.400000e+00 1.330800e-01
1.420000e+00 1.084100e-01
1.440000e+00 1.014700e-01
1.460000e+00 1.040100e-01
1.480000e+00 1.197300e-01
1.500000e+00 1.385400e-01
1.520000e+00 1.572900e-01
1.540000e+00 1.788800e-01
1.560000e+00 1.966300e-01
1.580000e+00 2.110200e-01
1.600000e+00 2.255000e-01
1.620000e+00 2.395700e-01
1.640000e+00 2.490400e-01
1.660000e+00 2.552900e-01
1.680000e+00 2.597700e-01
1.700000e+00 2.593000e-01
1.720000e+00 2.504600e-01
1.740000e+00 2.501600e-01
1.760000e+00 2.360200e-01
1.780000e+00 2.387000e-01
1.800000e+00 2.252400e-01
1.820000e+00 1.949500e-01
1.840000e+00 1.264400e-01
1.860000e+00 6.265000e-02
1.880000e+00 4.270000e-02
1.900000e+00 3.876000e-02
1.920000e+00 4.015000e-02
1.940000e+00 4.528000e-02
1.960000e+00 5.229000e-02
1.980000e+00 6.210000e-02
2.000000e+00 7.119000e-02
2.020000e+00 8.072000e-02
2.040000e+00 8.736000e-02
2.060000e+00 9.289000e-02
2.080000e+00 1.016800e-01
2.100000e+00 1.057900e-01
2.120000e+00 1.135000e-01
2.140000e+00 1.195700e-01
2.160000e+00 1.224800e-01
2.180000e+00 1.272500e-01
2.200000e+00 1.270500e-01
2.220000e+00 1.216300e-01
2.240000e+00 1.183200e-01
2.260000e+00 1.119400e-01
2.280000e+00 1.054700e-01
2.300000e+00 9.616000e-02
2.320000e+00 8.797000e-02
2.340000e+00 8.123000e-02
2.360000e+00 7.258000e-02
2.380000e+00 6.343000e-02
2.400000e+00 5.554000e-02
2.420000e+00 4.886000e-02
2.440000e+00 4.535000e-02
2.460000e+00 4.393000e-02
2.480000e+00 4.300000e-02
2.500000e+00 4.038000e-02
2.520000e+00 3.907000e-02
2.540000e+00 3.776000e-02
2.560000e+00 3.646000e-02
2.580000e+00 3.515000e-02
2.600000e+00 3.384000e-02
2.620000e+00 3.253000e-02
2.640000e+00 3.122000e-02
2.660000e+00 2.991000e-02
2.680000e+00 2.860000e-02
2.700000e+00 2.729000e-02
2.720000e+00 2.599000e-02
2.740000e+00 2.468000e-02
2.760000e+00 2.337000e-02
2.780000e+00 2.206000e-02
2.800000e+00 2.075000e-02
2.820000e+00 1.944000e-02
2.840000e+00 1.813000e-02
2.860000e+00 1.682000e-02
2.880000e+00 1.551000e-02
2.900000e+00 1.421000e-02
2.920000e+00 1.290000e-02
2.940000e+00 1.159000e-02
2.960000e+00 1.028000e-02
2.980000e+00 8.990000e-03
3.000000e+00 9.010000e-03
3.020000e+00 9.000000e-03
3.040000e+00 8.970000e-03
3.060000e+00 8.970000e-03
3.080000e+00 8.970000e-03
3.100000e+00 8.930000e-03
3.120000e+00 8.920000e-03
3.140000e+00 8.950000e-03
3.160000e+00 8.900000e-03
3.180000e+00 8.730000e-03
3.200000e+00 8.730000e-03
3.220000e+00 8.690000e-03
3.240000e+00 8.530000e-03
3.260000e+00 8.570000e-03
3.280000e+00 8.280000e-03
3.300000e+00 8.260000e-03
3.320000e+00 8.100000e-03
3.340000e+00 7.760000e-03
3.360000e+00 7.220000e-03
3.380000e+00 6.430000e-03
3.400000e+00 5.340000e-03
3.420000e+00 1.028000e-02
3.440000e+00 1.445000e-02
3.460000e+00 1.161000e-02
3.480000e+00 1.003000e-02
3.500000e+00 9.320000e-03
3.520000e+00 1.598000e-02
3.540000e+00 1.248000e-02
3.560000e+00 1.191000e-02
3.580000e+00 1.169000e-02
3.600000e+00 1.158000e-02
3.620000e+00 1.149000e-02
3.640000e+00 1.143000e-02
3.660000e+00 1.151000e-02
3.680000e+00 1.145000e-02
3.700000e+00 1.152000e-02
3.720000e+00 1.163000e-02
3.740000e+00 1.174000e-02
3.760000e+00 1.185000e-02
3.780000e+00 1.199000e-02
3.800000e+00 1.215000e-02
3.820000e+00 1.223000e-02
3.840000e+00 1.235000e-02
3.860000e+00 1.244000e-02
3.880000e+00 1.253000e-02
3.900000e+00 1.258000e-02
3.920000e+00 1.262000e-02
3.940000e+00 1.265000e-02
3.960000e+00 1.269000e-02
3.980000e+00 1.271000e-02
4.000000e+00 1.274000e-02
4.020000e+00 1.280000e-02
4.040000e+00 1.282000e-02
4.060000e+00 1.286000e-02
4.080000e+00 1.284000e-02
4.100000e+00 1.282000e-02
4.120000e+00 1.281000e-02
4.140000e+00 1.278000e-02
4.160000e+00 1.279000e-02
4.180000e+00 1.270000e-02
4.200000e+00 1.259000e-02
4.220000e+00 1.245000e-02
4.240000e+00 1.236000e-02
4.260000e+00 1.211000e-02
4.280000e+00 1.199000e-02
4.300000e+00 1.202000e-02
4.320000e+00 1.199000e-02
4.340000e+00 1.184000e-02
4.360000e+00 1.179000e-02
4.380000e+00 1.162000e-02
4.400000e+00 1.158000e-02
4.420000e+00 1.152000e-02
4.440000e+00 1.139000e-02
4.460000e+00 1.130000e-02
4.480000e+00 1.121000e-02
4.500000e+00 1.112000e-02
4.520000e+00 1.102000e-02
4.540000e+00 1.100000e-02
4.560000e+00 1.094000e-02
4.580000e+00 1.088000e-02
4.600000e+00 1.078000e-02
4.620000e+00 1.082000e-02
4.640000e+00 1.079000e-02
4.660000e+00 1.074000e-02
4.680000e+00 1.071000e-02
4.700000e+00 1.070000e-02
4.720000e+00 1.069000e-02
4.740000e+00 1.069000e-02
4.760000e+00 1.068000e-02
4.780000e+00 1.066000e-02
4.800000e+00 1.069000e-02
4.820000e+00 1.074000e-02
4.840000e+00 1.081000e-02
4.860000e+00 1.084000e-02
4.880000e+00 1.089000e-02
4.900000e+00 1.091000e-02
4.920000e+00 1.094000e-02
4.940000e+00 1.098000e-02
4.960000e+00 1.106000e-02
4.980000e+00 1.116000e-02
5.000000e+00 1.125000e-02
5.100000e+00 1.157000e-02
5.200000e+00 1.181000e-02
5.300000e+00 1.187000e-02
5.400000e+00 1.162000e-02
5.500000e+00 1.117000e-02
5.600000e+00 1.020000e-02
5.700000e+00 7.620000e-03
5.800000e+00 1.230000e-02
5.900000e+00 1.162000e-02
6.000000e+00 1.131000e-02
6.100000e+00 1.058000e-02
6.200000e+00 1.200000e-02
6.300000e+00 9.360000e-03
6.400000e+00 9.390000e-03
6.500000e+00 9.500000e-03
6.600000e+00 9.330000e-03
6.700000e+00 8.800000e-03
6.800000e+00 9.710000e-03
6.900000e+00 9.630000e-03
7.000000e+00 9.280000e-03
7.100000e+00 9.780000e-03
7.200000e+00 9.280000e-03
7.300000e+00 8.740000e-03
7.400000e+00 8.680000e-03
7.500000e+00 8.990000e-03
7.600000e+00 8.360000e-03
7.700000e+00 8.390000e-03
7.800000e+00 8.390000e-03
7.900000e+00 7.980000e-03
8.000000e+00 7.870000e-03
8.100000e+00 8.200000e-03
8.200000e+00 8.220000e-03
8.300000e+00 8.050000e-03
8.400000e+00 8.270000e-03
8.500000e+00 8.710000e-03
8.600000e+00 1.041000e-02
8.700000e+00 1.050000e-02
8.800000e+00 1.042000e-02
8.900000e+00 1.008000e-02
9.000000e+00 1.005000e-02
9.100000e+00 1.011000e-02
9.200000e+00 9.710000e-03
9.300000e+00 9.670000e-03
9.400000e+00 9.650000e-03
9.500000e+00 9.470000e-03
9.600000e+00 9.240000e-03
9.700000e+00 8.730000e-03
9.800000e+00 8.730000e-03
9.900000e+00 9.350000e-03
1.000000e+01 9.830000e-03
1.010000e+01 1.044000e-02
1.020000e+01 1.102000e-02
1.030000e+01 1.109000e-02
1.040000e+01 1.120000e-02
1.050000e+01 1.132000e-02
1.060000e+01 1.119000e-02
1.070000e+01 1.119000e-02
1.080000e+01 1.121000e-02
1.090000e+01 1.132000e-02
1.100000e+01 1.109000e-02
1.110000e+01 1.074000e-02
1.120000e+01 1.059000e-02
1.130000e+01 1.041000e-02
1.140000e+01 1.017000e-02
1.150000e+01 1.003000e-02
1.160000e+01 9.880000e-03
1.170000e+01 9.790000e-03
1.180000e+01 9.520000e-03
1.190000e+01 9.130000e-03
1.200000e+01 9.050000e-03
1.210000e+01 9.000000e-03
1.220000e+01 8.680000e-03
1.230000e+01 8.440000e-03
1.240000e+01 8.440000e-03
1.250000e+01 8.540000e-03
1.260000e+01 8.430000e-03
1.270000e+01 7.970000e-03
1.280000e+01 7.740000e-03
1.290000e+01 7.930000e-03
1.300000e+01 8.000000e-03
1.310000e+01 7.910000e-03
1.320000e+01 7.850000e-03
1.330000e+01 7.710000e-03
1.340000e+01 7.610000e-03
1.350000e+01 7.620000e-03
1.360000e+01 7.780000e-03
1.370000e+01 8.150000e-03
1.380000e+01 8.700000e-03
1.390000e+01 9.140000e-03
1.400000e+01 9.040000e-03
